G1 16 -19 2000
G1 98 -112 2000
G1 47 -54 2000
G1 37 -42 2000
G1 31 -36 2000
G1 28 -32 2000
G1 25 -29 2000
G1 23 -27 2000
G1 22 -25 2000
G1 21 -24 2000
G1 20 -23 2000
G1 19 -22 2000
G1 18 -21 2000
G1 18 -20 2000
G1 17 -20 2000
G1 34 -38 2000
G1 16 -19 2000
G1 32 -36 2000
G1 15 -18 2000
G1 105 -119 2000
G1 14 -17 2000
G1 28 -32 2000
G1 33 0 2000
G1 424 392 2000
G1 447 403 2000
G1 1800 1600 2000
G1 804 712 2000
G1 312 297 2000
G1 77 92 2000
G1 234 207 2000
G1 202 188 2000
G1 139 139 2000
G1 193 154 2000
G1 269 232 2000
G1 262 240 2000
G1 176 174 2000
G1 193 154 2000
G1 269 232 2000
G1 262 240 2000
G1 176 174 2000
G1 174 138 2000
G1 242 207 2000
G1 252 228 2000
G1 185 179 2000
G1 114 121 2000
G1 69 84 2000
G1 131 105 2000
G1 147 126 2000
G1 147 133 2000
G1 129 124 2000
G1 102 105 2000
G1 77 86 2000
G1 90 63 2000
G1 110 84 2000
G1 130 106 2000
G1 142 123 2000
G1 139 127 2000
G1 121 116 2000
G1 96 99 2000
G1 73 82 2000
G1 90 63 2000
G1 110 84 2000
G1 130 106 2000
G1 142 123 2000
G1 139 127 2000
G1 121 116 2000
G1 96 99 2000
G1 73 82 2000
G1 98 68 2000
G1 121 94 2000
G1 144 119 2000
G1 154 135 2000
G1 144 134 2000
G1 119 118 2000
G1 90 97 2000
G1 66 79 2000
G1 47 64 2000
G1 86 62 2000
G1 97 76 2000
G1 106 88 2000
G1 108 95 2000
G1 103 96 2000
G1 92 91 2000
G1 78 83 2000
G1 63 73 2000
G1 50 64 2000
G1 66 40 2000
G1 76 52 2000
G1 87 64 2000
G1 96 76 2000
G1 103 87 2000
G1 104 92 2000
G1 98 92 2000
G1 87 87 2000
G1 74 79 2000
G1 60 70 2000
G1 48 61 2000
G1 66 40 2000
G1 76 52 2000
G1 87 64 2000
G1 96 76 2000
G1 103 87 2000
G1 104 92 2000
G1 98 92 2000
G1 87 87 2000
G1 74 79 2000
G1 60 70 2000
G1 48 61 2000
G1 70 43 2000
G1 81 55 2000
G1 93 69 2000
G1 103 83 2000
G1 109 93 2000
G1 108 98 2000
G1 100 96 2000
G1 86 88 2000
G1 71 79 2000
G1 57 69 2000
G1 44 60 2000
G1 34 53 2000
G1 65 41 2000
G1 72 50 2000
G1 78 59 2000
G1 83 66 2000
G1 85 72 2000
G1 84 75 2000
G1 79 75 2000
G1 71 73 2000
G1 62 68 2000
G1 53 62 2000
G1 44 57 2000
G1 36 52 2000
G1 54 28 2000
G1 59 35 2000
G1 66 43 2000
G1 72 51 2000
G1 77 59 2000
G1 81 66 2000
G1 82 71 2000
G1 80 73 2000
G1 75 73 2000
G1 68 70 2000
G1 59 65 2000
G1 50 60 2000
G1 42 55 2000
G1 34 50 2000
G1 54 28 2000
G1 59 35 2000
G1 66 43 2000
G1 72 51 2000
G1 77 59 2000
G1 81 66 2000
G1 82 71 2000
G1 80 73 2000
G1 75 73 2000
G1 68 70 2000
G1 59 65 2000
G1 50 60 2000
G1 42 55 2000
G1 34 50 2000
G1 56 29 2000
G1 62 37 2000
G1 69 45 2000
G1 76 54 2000
G1 81 63 2000
G1 85 70 2000
G1 85 75 2000
G1 82 77 2000
G1 76 75 2000
G1 67 71 2000
G1 58 66 2000
G1 48 60 2000
G1 39 55 2000
G1 32 50 2000
G1 25 45 2000
G1 53 29 2000
G1 57 35 2000
G1 62 41 2000
G1 65 47 2000
G1 68 53 2000
G1 70 58 2000
G1 69 61 2000
G1 67 62 2000
G1 63 62 2000
G1 57 61 2000
G1 51 58 2000
G1 45 55 2000
G1 38 51 2000
G1 32 48 2000
G1 26 45 2000
G1 46 20 2000
G1 49 25 2000
G1 53 30 2000
G1 57 36 2000
G1 61 42 2000
G1 65 48 2000
G1 67 53 2000
G1 68 57 2000
G1 67 60 2000
G1 65 61 2000
G1 61 60 2000
G1 55 59 2000
G1 49 56 2000
G1 43 53 2000
G1 37 50 2000
G1 31 46 2000
G1 26 43 2000
G1 46 20 2000
G1 49 25 2000
G1 53 30 2000
G1 57 36 2000
G1 61 42 2000
G1 65 48 2000
G1 67 53 2000
G1 68 57 2000
G1 67 60 2000
G1 65 61 2000
G1 61 60 2000
G1 55 59 2000
G1 49 56 2000
G1 43 53 2000
G1 37 50 2000
G1 31 46 2000
G1 26 43 2000
G1 47 21 2000
G1 51 26 2000
G1 55 32 2000
G1 60 38 2000
G1 64 44 2000
G1 67 50 2000
G1 70 56 2000
G1 70 60 2000
G1 69 62 2000
G1 66 63 2000
G1 61 62 2000
G1 55 60 2000
G1 48 57 2000
G1 41 53 2000
G1 35 50 2000
G1 29 46 2000
G1 24 43 2000
G1 19 41 2000
G1 46 21 2000
G1 48 25 2000
G1 51 30 2000
G1 54 35 2000
G1 57 39 2000
G1 58 44 2000
G1 59 48 2000
G1 59 51 2000
G1 58 53 2000
G1 56 53 2000
G1 52 53 2000
G1 48 52 2000
G1 43 51 2000
G1 38 49 2000
G1 33 46 2000
G1 29 44 2000
G1 24 42 2000
G1 20 40 2000
G1 41 15 2000
G1 43 18 2000
G1 46 22 2000
G1 48 26 2000
G1 51 31 2000
G1 54 35 2000
G1 56 40 2000
G1 57 44 2000
G1 58 47 2000
G1 58 50 2000
G1 56 52 2000
G1 54 52 2000
G1 50 52 2000
G1 46 51 2000
G1 42 49 2000
G1 37 47 2000
G1 32 45 2000
G1 28 43 2000
G1 23 41 2000
G1 20 39 2000
G1 41 15 2000
G1 43 18 2000
G1 46 22 2000
G1 48 26 2000
G1 51 31 2000
G1 54 35 2000
G1 56 40 2000
G1 57 44 2000
G1 58 47 2000
G1 58 50 2000
G1 56 52 2000
G1 54 52 2000
G1 50 52 2000
G1 46 51 2000
G1 42 49 2000
G1 37 47 2000
G1 32 45 2000
G1 28 43 2000
G1 23 41 2000
G1 20 39 2000
G1 42 15 2000
G1 44 19 2000
G1 47 23 2000
G1 50 28 2000
G1 53 32 2000
G1 56 37 2000
G1 58 42 2000
G1 59 46 2000
G1 60 49 2000
G1 59 52 2000
G1 57 53 2000
G1 54 54 2000
G1 50 53 2000
G1 46 52 2000
G1 41 50 2000
G1 36 48 2000
G1 31 45 2000
G1 26 43 2000
G1 22 41 2000
G1 18 39 2000
G1 15 37 2000
G1 41 15 2000
G1 43 19 2000
G1 45 22 2000
G1 47 26 2000
G1 48 30 2000
G1 50 33 2000
G1 51 37 2000
G1 52 40 2000
G1 52 43 2000
G1 51 45 2000
G1 50 46 2000
G1 47 47 2000
G1 44 47 2000
G1 41 46 2000
G1 37 45 2000
G1 33 44 2000
G1 29 42 2000
G1 25 41 2000
G1 22 39 2000
G1 18 38 2000
G1 15 37 2000
G1 37 10 2000
G1 39 13 2000
G1 41 16 2000
G1 42 20 2000
G1 44 23 2000
G1 46 27 2000
G1 48 30 2000
G1 49 34 2000
G1 50 37 2000
G1 51 40 2000
G1 51 42 2000
G1 50 44 2000
G1 48 45 2000
G1 46 46 2000
G1 43 46 2000
G1 39 45 2000
G1 36 44 2000
G1 32 43 2000
G1 28 41 2000
G1 25 40 2000
G1 21 39 2000
G1 18 37 2000
G1 15 36 2000
G1 37 10 2000
G1 39 13 2000
G1 41 16 2000
G1 42 20 2000
G1 44 23 2000
G1 46 27 2000
G1 48 30 2000
G1 49 34 2000
G1 50 37 2000
G1 51 40 2000
G1 51 42 2000
G1 50 44 2000
G1 48 45 2000
G1 46 46 2000
G1 43 46 2000
G1 39 45 2000
G1 36 44 2000
G1 32 43 2000
G1 28 41 2000
G1 25 40 2000
G1 21 39 2000
G1 18 37 2000
G1 15 36 2000
G1 38 11 2000
G1 40 14 2000
G1 42 17 2000
G1 44 20 2000
G1 46 24 2000
G1 48 28 2000
G1 49 32 2000
G1 51 35 2000
G1 52 39 2000
G1 52 42 2000
G1 52 44 2000
G1 51 46 2000
G1 49 47 2000
G1 46 47 2000
G1 43 47 2000
G1 39 46 2000
G1 35 45 2000
G1 31 43 2000
G1 27 42 2000
G1 24 40 2000
G1 20 39 2000
G1 17 37 2000
G1 14 36 2000
G1 11 35 2000
G1 37 11 2000
G1 39 14 2000
G1 40 17 2000
G1 41 20 2000
G1 43 23 2000
G1 44 26 2000
G1 45 29 2000
G1 46 32 2000
G1 46 34 2000
G1 46 37 2000
G1 46 39 2000
G1 45 40 2000
G1 43 41 2000
G1 41 42 2000
G1 38 42 2000
G1 35 42 2000
G1 32 41 2000
G1 29 40 2000
G1 26 39 2000
G1 23 38 2000
G1 20 37 2000
G1 17 36 2000
G1 14 35 2000
G1 11 35 2000
G1 35 7 2000
G1 36 9 2000
G1 37 12 2000
G1 38 15 2000
G1 40 17 2000
G1 41 20 2000
G1 42 23 2000
G1 44 26 2000
G1 44 29 2000
G1 45 32 2000
G1 45 34 2000
G1 45 37 2000
G1 45 38 2000
G1 43 40 2000
G1 42 41 2000
G1 40 41 2000
G1 37 41 2000
G1 34 41 2000
G1 31 40 2000
G1 28 39 2000
G1 25 39 2000
G1 22 38 2000
G1 19 37 2000
G1 16 36 2000
G1 14 35 2000
G1 11 34 2000
G1 35 7 2000
G1 36 9 2000
G1 37 12 2000
G1 38 15 2000
G1 40 17 2000
G1 41 20 2000
G1 42 23 2000
G1 44 26 2000
G1 44 29 2000
G1 45 32 2000
G1 45 34 2000
G1 45 37 2000
G1 45 38 2000
G1 43 40 2000
G1 42 41 2000
G1 40 41 2000
G1 37 41 2000
G1 34 41 2000
G1 31 40 2000
G1 28 39 2000
G1 25 39 2000
G1 22 38 2000
G1 19 37 2000
G1 16 36 2000
G1 14 35 2000
G1 11 34 2000
G1 36 7 2000
G1 37 10 2000
G1 38 12 2000
G1 39 15 2000
G1 41 18 2000
G1 42 21 2000
G1 43 24 2000
G1 45 27 2000
G1 46 30 2000
G1 46 33 2000
G1 46 36 2000
G1 46 38 2000
G1 45 40 2000
G1 44 41 2000
G1 42 42 2000
G1 40 42 2000
G1 37 42 2000
G1 34 41 2000
G1 31 41 2000
G1 27 40 2000
G1 24 39 2000
G1 21 38 2000
G1 18 37 2000
G1 15 36 2000
G1 13 35 2000
G1 10 34 2000
G1 8 34 2000
G1 35 7 2000
G1 36 10 2000
G1 37 12 2000
G1 38 14 2000
G1 39 17 2000
G1 40 20 2000
G1 40 22 2000
G1 41 25 2000
G1 42 27 2000
G1 42 30 2000
G1 42 32 2000
G1 41 34 2000
G1 40 35 2000
G1 39 37 2000
G1 38 37 2000
G1 36 38 2000
G1 33 38 2000
G1 31 38 2000
G1 28 38 2000
G1 26 37 2000
G1 23 37 2000
G1 20 36 2000
G1 18 35 2000
G1 15 35 2000
G1 13 34 2000
G1 10 34 2000
G1 8 33 2000
G1 33 4 2000
G1 34 6 2000
G1 35 8 2000
G1 36 10 2000
G1 36 13 2000
G1 37 15 2000
G1 38 18 2000
G1 39 20 2000
G1 40 23 2000
G1 41 25 2000
G1 41 28 2000
G1 41 30 2000
G1 41 32 2000
G1 40 34 2000
G1 39 35 2000
G1 38 36 2000
G1 37 37 2000
G1 35 37 2000
G1 32 38 2000
G1 30 37 2000
G1 28 37 2000
G1 25 37 2000
G1 22 36 2000
G1 20 35 2000
G1 17 35 2000
G1 15 34 2000
G1 12 34 2000
G1 10 33 2000
G1 8 33 2000
G1 33 4 2000
G1 34 6 2000
G1 35 8 2000
G1 36 10 2000
G1 36 13 2000
G1 37 15 2000
G1 38 18 2000
G1 39 20 2000
G1 40 23 2000
G1 41 25 2000
G1 41 28 2000
G1 41 30 2000
G1 41 32 2000
G1 40 34 2000
G1 39 35 2000
G1 38 36 2000
G1 37 37 2000
G1 35 37 2000
G1 32 38 2000
G1 30 37 2000
G1 28 37 2000
G1 25 37 2000
G1 22 36 2000
G1 20 35 2000
G1 17 35 2000
G1 15 34 2000
G1 12 34 2000
G1 10 33 2000
G1 8 33 2000
G1 34 4 2000
G1 35 6 2000
G1 35 8 2000
G1 36 11 2000
G1 37 13 2000
G1 38 16 2000
G1 39 18 2000
G1 40 21 2000
G1 41 24 2000
G1 41 26 2000
G1 42 29 2000
G1 42 31 2000
G1 42 33 2000
G1 41 35 2000
G1 40 36 2000
G1 38 37 2000
G1 37 38 2000
G1 35 38 2000
G1 32 38 2000
G1 30 38 2000
G1 27 38 2000
G1 24 37 2000
G1 22 37 2000
G1 19 36 2000
G1 16 35 2000
G1 14 35 2000
G1 11 34 2000
G1 9 34 2000
G1 7 33 2000
G1 4 33 2000
G1 33 4 2000
G1 34 6 2000
G1 35 8 2000
G1 35 10 2000
G1 36 13 2000
G1 36 15 2000
G1 37 17 2000
G1 38 20 2000
G1 38 22 2000
G1 38 24 2000
G1 38 26 2000
G1 38 28 2000
G1 38 30 2000
G1 37 31 2000
G1 36 33 2000
G1 35 34 2000
G1 33 34 2000
G1 31 35 2000
G1 29 35 2000
G1 27 35 2000
G1 25 35 2000
G1 23 35 2000
G1 20 35 2000
G1 18 34 2000
G1 16 34 2000
G1 13 34 2000
G1 11 33 2000
G1 9 33 2000
G1 7 33 2000
G1 5 33 2000
G1 32 0 2000
G1 33 2 2000
G1 33 5 2000
G1 34 7 2000
G1 34 9 2000
G1 35 11 2000
G1 35 13 2000
G1 36 16 2000
G1 37 18 2000
G1 37 20 2000
G1 37 22 2000
G1 38 24 2000
G1 38 26 2000
G1 38 28 2000
G1 37 30 2000
G1 36 31 2000
G1 35 32 2000
G1 34 33 2000
G1 32 34 2000
G1 31 34 2000
G1 29 35 2000
G1 27 35 2000
G1 24 35 2000
G1 22 34 2000
G1 20 34 2000
G1 17 34 2000
G1 15 33 2000
G1 13 33 2000
G1 11 33 2000
G1 9 33 2000
G1 7 32 2000
G1 4 32 2000
G1 32 0 2000
G1 33 2 2000
G1 33 5 2000
G1 34 7 2000
G1 34 9 2000
G1 35 11 2000
G1 35 13 2000
G1 36 16 2000
G1 37 18 2000
G1 37 20 2000
G1 37 22 2000
G1 38 24 2000
G1 38 26 2000
G1 38 28 2000
G1 37 30 2000
G1 36 31 2000
G1 35 32 2000
G1 34 33 2000
G1 32 34 2000
G1 31 34 2000
G1 29 35 2000
G1 27 35 2000
G1 24 35 2000
G1 22 34 2000
G1 20 34 2000
G1 17 34 2000
G1 15 33 2000
G1 13 33 2000
G1 11 33 2000
G1 9 33 2000
G1 7 32 2000
G1 4 32 2000
G1 33 0 2000
G1 33 3 2000
G1 34 5 2000
G1 34 7 2000
G1 35 9 2000
G1 35 11 2000
G1 36 14 2000
G1 37 16 2000
G1 37 18 2000
G1 38 21 2000
G1 38 23 2000
G1 38 25 2000
G1 38 27 2000
G1 38 29 2000
G1 37 31 2000
G1 37 32 2000
G1 35 33 2000
G1 34 34 2000
G1 32 35 2000
G1 30 35 2000
G1 28 35 2000
G1 26 35 2000
G1 24 35 2000
G1 22 35 2000
G1 19 35 2000
G1 17 34 2000
G1 14 34 2000
G1 12 34 2000
G1 10 33 2000
G1 8 33 2000
G1 6 33 2000
G1 3 33 2000
G1 1 33 2000
G1 33 0 2000
G1 33 2 2000
G1 33 4 2000
G1 34 7 2000
G1 34 9 2000
G1 34 11 2000
G1 35 13 2000
G1 35 15 2000
G1 35 17 2000
G1 35 19 2000
G1 36 21 2000
G1 36 23 2000
G1 35 25 2000
G1 35 26 2000
G1 34 28 2000
G1 33 29 2000
G1 32 30 2000
G1 31 31 2000
G1 30 32 2000
G1 28 32 2000
G1 26 33 2000
G1 24 33 2000
G1 22 33 2000
G1 20 33 2000
G1 18 33 2000
G1 16 33 2000
G1 14 33 2000
G1 12 33 2000
G1 10 33 2000
G1 7 33 2000
G1 5 33 2000
G1 3 33 2000
G1 1 34 2000
G1 33 -3 2000
G1 33 -1 2000
G1 33 1 2000
G1 33 3 2000
G1 33 5 2000
G1 33 7 2000
G1 34 9 2000
G1 34 11 2000
G1 34 13 2000
G1 35 16 2000
G1 35 18 2000
G1 35 20 2000
G1 35 21 2000
G1 35 23 2000
G1 35 25 2000
G1 34 26 2000
G1 34 28 2000
G1 33 29 2000
G1 32 30 2000
G1 30 31 2000
G1 29 32 2000
G1 27 32 2000
G1 25 32 2000
G1 24 33 2000
G1 22 33 2000
G1 20 33 2000
G1 18 33 2000
G1 15 32 2000
G1 13 32 2000
G1 11 32 2000
G1 9 32 2000
G1 7 32 2000
G1 5 32 2000
G1 3 33 2000
G1 1 33 2000
G1 33 -3 2000
G1 33 -1 2000
G1 33 1 2000
G1 33 3 2000
G1 33 5 2000
G1 33 7 2000
G1 34 9 2000
G1 34 11 2000
G1 34 13 2000
G1 35 16 2000
G1 35 18 2000
G1 35 20 2000
G1 35 21 2000
G1 35 23 2000
G1 35 25 2000
G1 34 26 2000
G1 34 28 2000
G1 33 29 2000
G1 32 30 2000
G1 30 31 2000
G1 29 32 2000
G1 27 32 2000
G1 25 32 2000
G1 24 33 2000
G1 22 33 2000
G1 20 33 2000
G1 18 33 2000
G1 15 32 2000
G1 13 32 2000
G1 11 32 2000
G1 9 32 2000
G1 7 32 2000
G1 5 32 2000
G1 3 33 2000
G1 1 33 2000
G1 33 -3 2000
G1 33 -1 2000
G1 33 1 2000
G1 33 3 2000
G1 33 5 2000
G1 34 8 2000
G1 34 10 2000
G1 34 12 2000
G1 35 14 2000
G1 35 16 2000
G1 35 18 2000
G1 36 20 2000
G1 36 22 2000
G1 35 24 2000
G1 35 26 2000
G1 35 27 2000
G1 34 29 2000
G1 33 30 2000
G1 32 31 2000
G1 30 32 2000
G1 29 32 2000
G1 27 33 2000
G1 25 33 2000
G1 23 33 2000
G1 21 33 2000
G1 19 33 2000
G1 17 33 2000
G1 15 33 2000
G1 13 33 2000
G1 11 33 2000
G1 8 33 2000
G1 6 33 2000
G1 4 33 2000
G1 2 33 2000
G1 0 34 2000
G1 -2 35 2000
G1 34 -4 2000
G1 33 -2 2000
G1 33 1 2000
G1 33 3 2000
G1 33 5 2000
G1 33 7 2000
G1 33 9 2000
G1 33 11 2000
G1 33 13 2000
G1 33 15 2000
G1 33 17 2000
G1 33 19 2000
G1 33 20 2000
G1 33 22 2000
G1 33 24 2000
G1 32 25 2000
G1 31 26 2000
G1 30 27 2000
G1 29 28 2000
G1 28 29 2000
G1 26 30 2000
G1 25 30 2000
G1 23 31 2000
G1 22 31 2000
G1 20 31 2000
G1 18 32 2000
G1 16 32 2000
G1 14 32 2000
G1 12 32 2000
G1 10 32 2000
G1 8 32 2000
G1 6 33 2000
G1 4 33 2000
G1 1 34 2000
G1 -1 35 2000
G1 -3 36 2000
G1 34 -8 2000
G1 34 -5 2000
G1 33 -3 2000
G1 33 -1 2000
G1 32 2 2000
G1 32 4 2000
G1 32 6 2000
G1 33 8 2000
G1 33 10 2000
G1 33 12 2000
G1 33 13 2000
G1 33 15 2000
G1 33 17 2000
G1 33 19 2000
G1 33 21 2000
G1 32 22 2000
G1 32 24 2000
G1 31 25 2000
G1 31 26 2000
G1 30 27 2000
G1 29 28 2000
G1 27 29 2000
G1 26 30 2000
G1 24 30 2000
G1 23 31 2000
G1 21 31 2000
G1 19 31 2000
G1 17 31 2000
G1 15 31 2000
G1 14 31 2000
G1 12 32 2000
G1 10 32 2000
G1 8 32 2000
G1 6 32 2000
G1 4 33 2000
G1 1 33 2000
G1 -1 34 2000
G1 -3 35 2000
G1 34 -8 2000
G1 34 -5 2000
G1 33 -3 2000
G1 33 -1 2000
G1 32 2 2000
G1 32 4 2000
G1 32 6 2000
G1 33 8 2000
G1 33 10 2000
G1 33 12 2000
G1 33 13 2000
G1 33 15 2000
G1 33 17 2000
G1 33 19 2000
G1 33 21 2000
G1 32 22 2000
G1 32 24 2000
G1 31 25 2000
G1 31 26 2000
G1 30 27 2000
G1 29 28 2000
G1 27 29 2000
G1 26 30 2000
G1 24 30 2000
G1 23 31 2000
G1 21 31 2000
G1 19 31 2000
G1 17 31 2000
G1 15 31 2000
G1 14 31 2000
G1 12 32 2000
G1 10 32 2000
G1 8 32 2000
G1 6 32 2000
G1 4 33 2000
G1 1 33 2000
G1 -1 34 2000
G1 -3 35 2000
G1 35 -8 2000
G1 34 -5 2000
G1 33 -3 2000
G1 33 0 2000
G1 33 2 2000
G1 33 4 2000
G1 33 6 2000
G1 33 8 2000
G1 33 10 2000
G1 33 12 2000
G1 33 14 2000
G1 33 16 2000
G1 33 18 2000
G1 33 19 2000
G1 33 21 2000
G1 33 23 2000
G1 32 24 2000
G1 32 26 2000
G1 31 27 2000
G1 30 28 2000
G1 29 29 2000
G1 27 30 2000
G1 26 30 2000
G1 24 31 2000
G1 22 31 2000
G1 21 31 2000
G1 19 32 2000
G1 17 32 2000
G1 15 32 2000
G1 13 32 2000
G1 11 32 2000
G1 9 32 2000
G1 7 33 2000
G1 5 33 2000
G1 3 33 2000
G1 0 34 2000
G1 -2 35 2000
G1 -5 37 2000
G1 -8 39 2000
G1 36 -10 2000
G1 35 -7 2000
G1 34 -4 2000
G1 33 -1 2000
G1 33 1 2000
G1 33 3 2000
G1 32 5 2000
G1 32 7 2000
G1 32 9 2000
G1 32 11 2000
G1 32 13 2000
G1 32 15 2000
G1 32 16 2000
G1 31 18 2000
G1 31 20 2000
G1 31 21 2000
G1 30 22 2000
G1 29 24 2000
G1 28 25 2000
G1 28 26 2000
G1 26 27 2000
G1 25 28 2000
G1 24 28 2000
G1 22 29 2000
G1 21 29 2000
G1 19 30 2000
G1 17 30 2000
G1 16 31 2000
G1 14 31 2000
G1 12 31 2000
G1 10 32 2000
G1 8 32 2000
G1 6 33 2000
G1 4 33 2000
G1 2 34 2000
G1 -1 35 2000
G1 -4 37 2000
G1 -7 39 2000
G1 -11 42 2000
G1 40 -16 2000
G1 37 -12 2000
G1 35 -8 2000
G1 34 -5 2000
G1 33 -3 2000
G1 33 0 2000
G1 32 2 2000
G1 32 4 2000
G1 32 6 2000
G1 32 8 2000
G1 32 10 2000
G1 32 11 2000
G1 32 13 2000
G1 31 15 2000
G1 31 17 2000
G1 31 18 2000
G1 31 20 2000
G1 30 21 2000
G1 30 22 2000
G1 29 24 2000
G1 28 25 2000
G1 27 26 2000
G1 26 27 2000
G1 25 27 2000
G1 23 28 2000
G1 22 29 2000
G1 20 29 2000
G1 19 30 2000
G1 17 30 2000
G1 15 30 2000
G1 13 31 2000
G1 12 31 2000
G1 10 31 2000
G1 8 32 2000
G1 6 32 2000
G1 4 33 2000
G1 1 34 2000
G1 -1 35 2000
G1 -4 36 2000
G1 -7 38 2000
G1 -11 42 2000
G1 40 -16 2000
G1 37 -12 2000
G1 35 -8 2000
G1 34 -5 2000
G1 33 -3 2000
G1 33 0 2000
G1 32 2 2000
G1 32 4 2000
G1 32 6 2000
G1 32 8 2000
G1 32 10 2000
G1 32 11 2000
G1 32 13 2000
G1 31 15 2000
G1 31 17 2000
G1 31 18 2000
G1 31 20 2000
G1 30 21 2000
G1 30 22 2000
G1 29 24 2000
G1 28 25 2000
G1 27 26 2000
G1 26 27 2000
G1 25 27 2000
G1 23 28 2000
G1 22 29 2000
G1 20 29 2000
G1 19 30 2000
G1 17 30 2000
G1 15 30 2000
G1 13 31 2000
G1 12 31 2000
G1 10 31 2000
G1 8 32 2000
G1 6 32 2000
G1 4 33 2000
G1 1 34 2000
G1 -1 35 2000
G1 -4 36 2000
G1 -7 38 2000
G1 -11 42 2000
G1 40 -16 2000
G1 37 -12 2000
G1 36 -8 2000
G1 35 -5 2000
G1 34 -3 2000
G1 33 0 2000
G1 33 2 2000
G1 33 4 2000
G1 32 6 2000
G1 32 8 2000
G1 32 10 2000
G1 32 12 2000
G1 32 14 2000
G1 32 15 2000
G1 32 17 2000
G1 31 19 2000
G1 31 20 2000
G1 30 22 2000
G1 30 23 2000
G1 29 24 2000
G1 28 25 2000
G1 27 26 2000
G1 26 27 2000
G1 25 28 2000
G1 23 29 2000
G1 22 29 2000
G1 20 30 2000
G1 18 30 2000
G1 16 30 2000
G1 15 31 2000
G1 13 31 2000
G1 11 31 2000
G1 9 32 2000
G1 7 32 2000
G1 5 33 2000
G1 3 34 2000
G1 0 35 2000
G1 -2 36 2000
G1 -5 38 2000
G1 -9 40 2000
G1 -14 45 2000
G1 -22 52 2000
G1 47 -25 2000
G1 41 -17 2000
G1 38 -11 2000
G1 36 -8 2000
G1 35 -4 2000
G1 34 -2 2000
G1 33 1 2000
G1 32 3 2000
G1 32 5 2000
G1 32 7 2000
G1 31 9 2000
G1 31 11 2000
G1 31 12 2000
G1 30 14 2000
G1 30 16 2000
G1 30 17 2000
G1 29 19 2000
G1 28 20 2000
G1 28 21 2000
G1 27 23 2000
G1 26 24 2000
G1 25 25 2000
G1 24 26 2000
G1 23 26 2000
G1 21 27 2000
G1 20 28 2000
G1 18 28 2000
G1 17 29 2000
G1 15 29 2000
G1 13 30 2000
G1 12 30 2000
G1 10 31 2000
G1 8 32 2000
G1 6 32 2000
G1 4 33 2000
G1 1 35 2000
G1 -2 36 2000
G1 -5 38 2000
G1 -9 41 2000
G1 -14 47 2000
G1 -24 57 2000
G1 -70 107 2000
G1 96 -83 2000
G1 52 -31 2000
G1 44 -20 2000
G1 39 -14 2000
G1 37 -10 2000
G1 35 -6 2000
G1 34 -3 2000
G1 33 -1 2000
G1 32 1 2000
G1 32 4 2000
G1 31 6 2000
G1 31 8 2000
G1 31 9 2000
G1 31 11 2000
G1 30 13 2000
G1 30 14 2000
G1 30 16 2000
G1 29 17 2000
G1 29 19 2000
G1 28 20 2000
G1 27 21 2000
G1 26 23 2000
G1 26 24 2000
G1 25 25 2000
G1 23 25 2000
G1 22 26 2000
G1 21 27 2000
G1 19 28 2000
G1 18 28 2000
G1 16 29 2000
G1 15 29 2000
G1 13 30 2000
G1 11 30 2000
G1 9 31 2000
G1 8 31 2000
G1 6 32 2000
G1 3 33 2000
G1 1 34 2000
G1 -2 36 2000
G1 -5 38 2000
G1 -9 41 2000
G1 -14 46 2000
G1 -24 56 2000
G1 -69 106 2000
G1 96 -83 2000
G1 52 -31 2000
G1 44 -20 2000
G1 39 -14 2000
G1 37 -10 2000
G1 35 -6 2000
G1 34 -3 2000
G1 33 -1 2000
G1 32 1 2000
G1 32 4 2000
G1 31 6 2000
G1 31 8 2000
G1 31 9 2000
G1 31 11 2000
G1 30 13 2000
G1 30 14 2000
G1 30 16 2000
G1 29 17 2000
G1 29 19 2000
G1 28 20 2000
G1 27 21 2000
G1 26 23 2000
G1 26 24 2000
G1 25 25 2000
G1 23 25 2000
G1 22 26 2000
G1 21 27 2000
G1 19 28 2000
G1 18 28 2000
G1 16 29 2000
G1 15 29 2000
G1 13 30 2000
G1 11 30 2000
G1 9 31 2000
G1 8 31 2000
G1 6 32 2000
G1 3 33 2000
G1 1 34 2000
G1 -2 36 2000
G1 -5 38 2000
G1 -9 41 2000
G1 -14 46 2000
G1 -24 56 2000
G1 -69 106 2000
G1 97 -83 2000
G1 53 -32 2000
G1 44 -20 2000
G1 40 -14 2000
G1 37 -9 2000
G1 35 -6 2000
G1 34 -3 2000
G1 33 -1 2000
G1 33 2 2000
G1 32 4 2000
G1 32 6 2000
G1 31 8 2000
G1 31 10 2000
G1 31 12 2000
G1 31 13 2000
G1 30 15 2000
G1 30 16 2000
G1 29 18 2000
G1 29 19 2000
G1 28 21 2000
G1 27 22 2000
G1 27 23 2000
G1 26 24 2000
G1 25 25 2000
G1 23 26 2000
G1 22 27 2000
G1 21 27 2000
G1 19 28 2000
G1 18 29 2000
G1 16 29 2000
G1 14 30 2000
G1 13 30 2000
G1 11 31 2000
G1 9 31 2000
G1 7 32 2000
G1 5 33 2000
G1 2 34 2000
G1 0 35 2000
G1 -3 37 2000
G1 -7 40 2000
G1 -11 44 2000
G1 -19 51 2000
G1 -35 68 2000
G1 -54 89 2000
G1 13 11 2000
G1 13 12 2000
G1 -43 78 2000
G1 -36 71 2000
G1 -17 51 2000
G1 -10 43 2000
G1 -5 39 2000
G1 -1 37 2000
G1 2 35 2000
G1 4 33 2000
G1 6 32 2000
G1 8 31 2000
G1 10 30 2000
G1 12 29 2000
G1 14 29 2000
G1 15 28 2000
G1 17 27 2000
G1 18 27 2000
G1 20 26 2000
G1 21 25 2000
G1 22 24 2000
G1 23 23 2000
G1 24 22 2000
G1 25 21 2000
G1 26 20 2000
G1 27 19 2000
G1 28 17 2000
G1 28 16 2000
G1 29 14 2000
G1 29 13 2000
G1 30 11 2000
G1 30 9 2000
G1 31 7 2000
G1 31 5 2000
G1 32 3 2000
G1 33 1 2000
G1 34 -1 2000
G1 35 -4 2000
G1 37 -8 2000
G1 40 -12 2000
G1 44 -19 2000
G1 54 -31 2000
G1 100 -85 2000
G1 14 12 2000
G1 13 12 2000
G1 13 11 2000
G1 12 11 2000
G1 13 12 2000
G1 14 12 2000
G1 -69 108 2000
G1 -25 58 2000
G1 -13 47 2000
G1 -7 41 2000
G1 -3 38 2000
G1 0 35 2000
G1 3 34 2000
G1 5 32 2000
G1 7 31 2000
G1 9 30 2000
G1 11 30 2000
G1 13 29 2000
G1 14 28 2000
G1 16 28 2000
G1 17 27 2000
G1 19 26 2000
G1 20 25 2000
G1 21 25 2000
G1 22 24 2000
G1 23 23 2000
G1 24 22 2000
G1 25 21 2000
G1 26 19 2000
G1 27 18 2000
G1 27 17 2000
G1 28 15 2000
G1 29 14 2000
G1 29 12 2000
G1 30 11 2000
G1 30 9 2000
G1 30 7 2000
G1 31 5 2000
G1 32 3 2000
G1 32 1 2000
G1 33 -2 2000
G1 35 -5 2000
G1 37 -8 2000
G1 39 -13 2000
G1 44 -19 2000
G1 54 -32 2000
G1 97 -83 2000
G1 14 12 2000
G1 13 12 2000
G1 24 22 2000
G1 13 12 2000
G1 14 12 2000
G1 -69 108 2000
G1 -25 58 2000
G1 -13 47 2000
G1 -7 41 2000
G1 -3 38 2000
G1 0 35 2000
G1 3 34 2000
G1 5 32 2000
G1 7 31 2000
G1 9 30 2000
G1 11 30 2000
G1 13 29 2000
G1 14 28 2000
G1 16 28 2000
G1 17 27 2000
G1 19 26 2000
G1 20 25 2000
G1 21 25 2000
G1 22 24 2000
G1 23 23 2000
G1 24 22 2000
G1 25 21 2000
G1 26 19 2000
G1 27 18 2000
G1 27 17 2000
G1 28 15 2000
G1 29 14 2000
G1 29 12 2000
G1 30 11 2000
G1 30 9 2000
G1 30 7 2000
G1 31 5 2000
G1 32 3 2000
G1 32 1 2000
G1 33 -2 2000
G1 35 -5 2000
G1 37 -8 2000
G1 39 -13 2000
G1 44 -19 2000
G1 54 -32 2000
G1 97 -83 2000
G1 14 12 2000
G1 13 12 2000
G1 12 11 2000
G1 13 11 2000
G1 13 12 2000
G1 14 12 2000
G1 -71 110 2000
G1 -24 58 2000
G1 -13 47 2000
G1 -7 41 2000
G1 -3 38 2000
G1 0 36 2000
G1 3 34 2000
G1 5 33 2000
G1 7 32 2000
G1 9 31 2000
G1 11 30 2000
G1 13 29 2000
G1 15 28 2000
G1 16 28 2000
G1 18 27 2000
G1 19 26 2000
G1 20 25 2000
G1 22 25 2000
G1 23 24 2000
G1 24 23 2000
G1 25 22 2000
G1 26 20 2000
G1 27 19 2000
G1 27 18 2000
G1 28 17 2000
G1 29 15 2000
G1 29 14 2000
G1 30 12 2000
G1 30 10 2000
G1 31 8 2000
G1 31 6 2000
G1 32 4 2000
G1 32 2 2000
G1 33 0 2000
G1 34 -3 2000
G1 36 -6 2000
G1 38 -10 2000
G1 42 -15 2000
G1 48 -24 2000
G1 66 -46 2000
G1 69 -50 2000
G1 13 12 2000
G1 13 11 2000
G1 12 11 2000
G1 12 10 2000
G1 13 11 2000
G1 13 12 2000
G1 14 12 2000
G1 14 13 2000
G1 15 13 2000
G1 -70 111 2000
G1 -19 55 2000
G1 -10 45 2000
G1 -4 40 2000
G1 0 36 2000
G1 3 34 2000
G1 5 32 2000
G1 7 31 2000
G1 9 30 2000
G1 11 29 2000
G1 13 28 2000
G1 15 27 2000
G1 16 26 2000
G1 18 25 2000
G1 19 24 2000
G1 20 23 2000
G1 21 22 2000
G1 22 21 2000
G1 23 20 2000
G1 24 19 2000
G1 25 18 2000
G1 26 17 2000
G1 27 15 2000
G1 27 14 2000
G1 28 12 2000
G1 29 10 2000
G1 30 9 2000
G1 30 7 2000
G1 31 5 2000
G1 32 2 2000
G1 33 0 2000
G1 35 -3 2000
G1 37 -7 2000
G1 40 -12 2000
G1 46 -20 2000
G1 61 -38 2000
G1 74 -54 2000
G1 14 13 2000
G1 14 12 2000
G1 13 12 2000
G1 13 11 2000
G1 12 11 2000
G1 24 20 2000
G1 12 11 2000
G1 13 11 2000
G1 13 12 2000
G1 14 12 2000
G1 14 13 2000
G1 -39 75 2000
G1 -32 68 2000
G1 -15 49 2000
G1 -7 42 2000
G1 -3 38 2000
G1 1 35 2000
G1 4 33 2000
G1 6 32 2000
G1 8 30 2000
G1 10 29 2000
G1 12 28 2000
G1 13 27 2000
G1 15 27 2000
G1 16 26 2000
G1 18 25 2000
G1 19 24 2000
G1 20 23 2000
G1 21 22 2000
G1 22 21 2000
G1 23 20 2000
G1 24 19 2000
G1 25 17 2000
G1 26 16 2000
G1 27 15 2000
G1 27 13 2000
G1 28 12 2000
G1 29 10 2000
G1 29 8 2000
G1 30 6 2000
G1 31 4 2000
G1 32 2 2000
G1 33 -1 2000
G1 35 -4 2000
G1 37 -7 2000
G1 40 -13 2000
G1 46 -21 2000
G1 63 -40 2000
G1 69 -49 2000
G1 14 13 2000
G1 14 12 2000
G1 13 12 2000
G1 13 11 2000
G1 12 11 2000
G1 24 20 2000
G1 12 11 2000
G1 13 11 2000
G1 13 12 2000
G1 14 12 2000
G1 14 13 2000
G1 -39 75 2000
G1 -32 68 2000
G1 -15 49 2000
G1 -7 42 2000
G1 -3 38 2000
G1 1 35 2000
G1 4 33 2000
G1 6 32 2000
G1 8 30 2000
G1 10 29 2000
G1 12 28 2000
G1 13 27 2000
G1 15 27 2000
G1 16 26 2000
G1 18 25 2000
G1 19 24 2000
G1 20 23 2000
G1 21 22 2000
G1 22 21 2000
G1 23 20 2000
G1 24 19 2000
G1 25 17 2000
G1 26 16 2000
G1 27 15 2000
G1 27 13 2000
G1 28 12 2000
G1 29 10 2000
G1 29 8 2000
G1 30 6 2000
G1 31 4 2000
G1 32 2 2000
G1 33 -1 2000
G1 35 -4 2000
G1 37 -7 2000
G1 40 -13 2000
G1 46 -21 2000
G1 63 -40 2000
G1 69 -49 2000
G1 14 13 2000
G1 14 12 2000
G1 13 12 2000
G1 13 11 2000
G1 12 11 2000
G1 12 10 2000
G1 24 22 2000
G1 13 11 2000
G1 13 12 2000
G1 14 12 2000
G1 14 13 2000
G1 -44 81 2000
G1 -30 66 2000
G1 -14 49 2000
G1 -7 42 2000
G1 -2 38 2000
G1 1 35 2000
G1 4 33 2000
G1 6 32 2000
G1 8 31 2000
G1 10 29 2000
G1 12 28 2000
G1 14 28 2000
G1 15 27 2000
G1 17 26 2000
G1 18 25 2000
G1 20 24 2000
G1 21 23 2000
G1 22 22 2000
G1 23 21 2000
G1 24 20 2000
G1 25 18 2000
G1 26 17 2000
G1 26 16 2000
G1 27 14 2000
G1 28 13 2000
G1 28 11 2000
G1 29 9 2000
G1 30 8 2000
G1 31 6 2000
G1 32 3 2000
G1 33 1 2000
G1 34 -2 2000
G1 36 -5 2000
G1 39 -9 2000
G1 43 -16 2000
G1 52 -27 2000
G1 100 -83 2000
G1 15 13 2000
G1 14 13 2000
G1 14 12 2000
G1 13 12 2000
G1 13 11 2000
G1 12 11 2000
G1 12 10 2000
G1 11 10 2000
G1 12 10 2000
G1 12 11 2000
G1 13 11 2000
G1 13 12 2000
G1 14 12 2000
G1 14 13 2000
G1 15 13 2000
G1 15 14 2000
G1 -20 55 2000
G1 -36 74 2000
G1 -13 49 2000
G1 -5 41 2000
G1 -1 37 2000
G1 3 34 2000
G1 6 32 2000
G1 8 30 2000
G1 10 29 2000
G1 12 28 2000
G1 14 26 2000
G1 15 25 2000
G1 17 24 2000
G1 18 23 2000
G1 19 22 2000
G1 20 21 2000
G1 22 20 2000
G1 23 18 2000
G1 24 17 2000
G1 25 16 2000
G1 25 14 2000
G1 26 13 2000
G1 27 11 2000
G1 28 9 2000
G1 29 7 2000
G1 30 5 2000
G1 32 3 2000
G1 33 0 2000
G1 35 -3 2000
G1 38 -8 2000
G1 43 -14 2000
G1 54 -28 2000
G1 83 -62 2000
G1 16 14 2000
G1 15 13 2000
G1 14 13 2000
G1 14 12 2000
G1 26 24 2000
G1 24 22 2000
G1 12 10 2000
G1 33 30 2000
G1 24 22 2000
G1 13 11 2000
G1 13 12 2000
G1 14 12 2000
G1 14 13 2000
G1 15 13 2000
G1 15 14 2000
G1 -46 85 2000
G1 -23 59 2000
G1 -10 45 2000
G1 -3 39 2000
G1 1 36 2000
G1 4 33 2000
G1 6 31 2000
G1 9 30 2000
G1 11 28 2000
G1 12 27 2000
G1 14 26 2000
G1 15 25 2000
G1 17 24 2000
G1 18 23 2000
G1 19 22 2000
G1 21 20 2000
G1 22 19 2000
G1 23 18 2000
G1 24 17 2000
G1 25 15 2000
G1 25 14 2000
G1 26 12 2000
G1 27 11 2000
G1 28 9 2000
G1 29 7 2000
G1 30 5 2000
G1 31 3 2000
G1 33 0 2000
G1 35 -4 2000
G1 38 -8 2000
G1 43 -15 2000
G1 55 -30 2000
G1 78 -57 2000
G1 15 14 2000
G1 15 13 2000
G1 14 13 2000
G1 14 12 2000
G1 13 12 2000
G1 13 11 2000
G1 24 22 2000
G1 44 40 2000
G1 24 22 2000
G1 13 11 2000
G1 13 12 2000
G1 14 12 2000
G1 14 13 2000
G1 15 13 2000
G1 15 14 2000
G1 -46 85 2000
G1 -23 59 2000
G1 -10 45 2000
G1 -3 39 2000
G1 1 36 2000
G1 4 33 2000
G1 6 31 2000
G1 9 30 2000
G1 11 28 2000
G1 12 27 2000
G1 14 26 2000
G1 15 25 2000
G1 17 24 2000
G1 18 23 2000
G1 19 22 2000
G1 21 20 2000
G1 22 19 2000
G1 23 18 2000
G1 24 17 2000
G1 25 15 2000
G1 25 14 2000
G1 26 12 2000
G1 27 11 2000
G1 28 9 2000
G1 29 7 2000
G1 30 5 2000
G1 31 3 2000
G1 33 0 2000
G1 35 -4 2000
G1 38 -8 2000
G1 43 -15 2000
G1 55 -30 2000
G1 78 -57 2000
G1 15 14 2000
G1 15 13 2000
G1 14 13 2000
G1 14 12 2000
G1 13 12 2000
G1 13 11 2000
G1 24 22 2000
G1 33 30 2000
G1 12 10 2000
G1 24 22 2000
G1 26 24 2000
G1 14 12 2000
G1 14 13 2000
G1 15 13 2000
G1 16 14 2000
G1 -51 91 2000
G1 -21 57 2000
G1 -9 45 2000
G1 -3 39 2000
G1 1 36 2000
G1 4 33 2000
G1 7 31 2000
G1 9 30 2000
G1 11 28 2000
G1 13 27 2000
G1 14 26 2000
G1 16 25 2000
G1 17 24 2000
G1 19 23 2000
G1 20 21 2000
G1 21 20 2000
G1 22 19 2000
G1 23 18 2000
G1 24 16 2000
G1 25 15 2000
G1 26 14 2000
G1 27 12 2000
G1 28 10 2000
G1 29 8 2000
G1 30 6 2000
G1 31 4 2000
G1 32 2 2000
G1 34 -1 2000
G1 37 -5 2000
G1 40 -11 2000
G1 47 -20 2000
G1 70 -47 2000
G1 49 -24 2000
G1 15 14 2000
G1 15 13 2000
G1 14 13 2000
G1 14 12 2000
G1 13 12 2000
G1 13 11 2000
G1 12 11 2000
G1 12 10 2000
G1 22 20 2000
G1 11 9 2000
G1 11 10 2000
G1 12 10 2000
G1 24 22 2000
G1 13 11 2000
G1 13 12 2000
G1 14 12 2000
G1 14 13 2000
G1 30 26 2000
G1 32 28 2000
G1 17 15 2000
G1 -51 93 2000
G1 -13 50 2000
G1 -4 41 2000
G1 1 36 2000
G1 5 32 2000
G1 8 30 2000
G1 10 28 2000
G1 12 26 2000
G1 14 25 2000
G1 16 23 2000
G1 17 22 2000
G1 18 21 2000
G1 20 19 2000
G1 21 18 2000
G1 22 17 2000
G1 23 15 2000
G1 24 13 2000
G1 26 12 2000
G1 27 10 2000
G1 28 8 2000
G1 30 5 2000
G1 31 3 2000
G1 34 -1 2000
G1 37 -6 2000
G1 43 -13 2000
G1 58 -31 2000
G1 61 -35 2000
G1 16 15 2000
G1 16 14 2000
G1 15 14 2000
G1 15 13 2000
G1 14 13 2000
G1 14 12 2000
G1 26 24 2000
G1 13 11 2000
G1 12 11 2000
G1 12 10 2000
G1 22 20 2000
G1 11 9 2000
G1 10 9 2000
G1 22 20 2000
G1 12 10 2000
G1 24 22 2000
G1 13 11 2000
G1 13 12 2000
G1 14 12 2000
G1 14 13 2000
G1 15 13 2000
G1 15 14 2000
G1 32 28 2000
G1 -18 55 2000
G1 -28 67 2000
G1 -9 46 2000
G1 -2 38 2000
G1 3 34 2000
G1 6 31 2000
G1 8 29 2000
G1 11 27 2000
G1 13 26 2000
G1 14 24 2000
G1 16 23 2000
G1 17 22 2000
G1 19 20 2000
G1 20 19 2000
G1 21 17 2000
G1 22 16 2000
G1 23 15 2000
G1 24 13 2000
G1 26 11 2000
G1 27 9 2000
G1 28 7 2000
G1 30 5 2000
G1 32 2 2000
G1 34 -2 2000
G1 38 -6 2000
G1 44 -14 2000
G1 63 -37 2000
G1 51 -25 2000
G1 32 28 2000
G1 15 14 2000
G1 15 13 2000
G1 14 13 2000
G1 14 12 2000
G1 13 12 2000
G1 13 11 2000
G1 24 22 2000
G1 12 10 2000
G1 22 20 2000
G1 20 18 2000
G1 22 20 2000
G1 12 10 2000
G1 24 22 2000
G1 13 11 2000
G1 13 12 2000
G1 14 12 2000
G1 14 13 2000
G1 15 13 2000
G1 15 14 2000
G1 32 28 2000
G1 -18 55 2000
G1 -28 67 2000
G1 -9 46 2000
G1 -2 38 2000
G1 3 34 2000
G1 6 31 2000
G1 8 29 2000
G1 11 27 2000
G1 13 26 2000
G1 14 24 2000
G1 16 23 2000
G1 17 22 2000
G1 19 20 2000
G1 20 19 2000
G1 21 17 2000
G1 22 16 2000
G1 23 15 2000
G1 24 13 2000
G1 26 11 2000
G1 27 9 2000
G1 28 7 2000
G1 30 5 2000
G1 32 2 2000
G1 34 -2 2000
G1 38 -6 2000
G1 44 -14 2000
G1 63 -37 2000
G1 51 -25 2000
G1 32 28 2000
G1 15 14 2000
G1 15 13 2000
G1 14 13 2000
G1 14 12 2000
G1 13 12 2000
G1 13 11 2000
G1 24 22 2000
G1 12 10 2000
G1 22 20 2000
G1 20 18 2000
G1 33 30 2000
G1 24 22 2000
G1 13 11 2000
G1 13 12 2000
G1 14 12 2000
G1 14 13 2000
G1 30 26 2000
G1 15 14 2000
G1 16 14 2000
G1 -7 41 2000
G1 -36 75 2000
G1 -10 47 2000
G1 -2 39 2000
G1 2 34 2000
G1 5 31 2000
G1 8 29 2000
G1 10 27 2000
G1 12 26 2000
G1 14 24 2000
G1 15 23 2000
G1 17 22 2000
G1 18 20 2000
G1 19 19 2000
G1 21 18 2000
G1 22 16 2000
G1 23 15 2000
G1 24 13 2000
G1 25 12 2000
G1 26 10 2000
G1 28 8 2000
G1 29 6 2000
G1 31 3 2000
G1 33 0 2000
G1 36 -5 2000
G1 41 -11 2000
G1 52 -25 2000
G1 71 -48 2000
G1 32 28 2000
G1 15 14 2000
G1 15 13 2000
G1 14 13 2000
G1 14 12 2000
G1 26 24 2000
G1 13 11 2000
G1 12 11 2000
G1 12 10 2000
G1 22 20 2000
G1 40 36 2000
G1 11 9 2000
G1 22 20 2000
G1 12 10 2000
G1 12 11 2000
G1 13 11 2000
G1 26 24 2000
G1 14 12 2000
G1 14 13 2000
G1 30 26 2000
G1 15 14 2000
G1 32 28 2000
G1 34 30 2000
G1 -8 44 2000
G1 -22 61 2000
G1 -3 40 2000
G1 3 33 2000
G1 7 29 2000
G1 10 27 2000
G1 13 24 2000
G1 15 22 2000
G1 16 20 2000
G1 18 18 2000
G1 20 17 2000
G1 21 15 2000
G1 23 13 2000
G1 25 11 2000
G1 26 8 2000
G1 29 5 2000
G1 32 1 2000
G1 36 -4 2000
G1 45 -16 2000
G1 66 -40 2000
G1 34 30 2000
G1 16 15 2000
G1 32 28 2000
G1 15 14 2000
G1 15 13 2000
G1 14 13 2000
G1 28 24 2000
G1 13 12 2000
G1 13 11 2000
G1 24 22 2000
G1 12 10 2000
G1 22 20 2000
G1 50 45 2000
G1 11 9 2000
G1 22 20 2000
G1 12 10 2000
G1 24 22 2000
G1 13 11 2000
G1 13 12 2000
G1 14 12 2000
G1 14 13 2000
G1 30 26 2000
G1 15 14 2000
G1 32 28 2000
G1 51 45 2000
G1 -37 79 2000
G1 -7 45 2000
G1 2 36 2000
G1 6 31 2000
G1 9 28 2000
G1 12 25 2000
G1 14 23 2000
G1 16 21 2000
G1 18 19 2000
G1 19 17 2000
G1 21 15 2000
G1 23 13 2000
G1 24 11 2000
G1 26 9 2000
G1 28 6 2000
G1 31 2 2000
G1 35 -3 2000
G1 43 -12 2000
G1 73 -47 2000
G1 51 45 2000
G1 32 28 2000
G1 15 14 2000
G1 30 26 2000
G1 14 13 2000
G1 14 12 2000
G1 13 12 2000
G1 13 11 2000
G1 24 22 2000
G1 12 10 2000
G1 22 20 2000
G1 11 9 2000
G1 40 36 2000
G1 11 9 2000
G1 22 20 2000
G1 12 10 2000
G1 24 22 2000
G1 13 11 2000
G1 13 12 2000
G1 14 12 2000
G1 14 13 2000
G1 30 26 2000
G1 15 14 2000
G1 32 28 2000
G1 51 45 2000
G1 -37 79 2000
G1 -7 45 2000
G1 2 36 2000
G1 6 31 2000
G1 9 28 2000
G1 12 25 2000
G1 14 23 2000
G1 16 21 2000
G1 18 19 2000
G1 19 17 2000
G1 21 15 2000
G1 23 13 2000
G1 24 11 2000
G1 26 9 2000
G1 28 6 2000
G1 31 2 2000
G1 35 -3 2000
G1 43 -12 2000
G1 73 -47 2000
G1 51 45 2000
G1 32 28 2000
G1 15 14 2000
G1 30 26 2000
G1 14 13 2000
G1 14 12 2000
G1 13 12 2000
G1 13 11 2000
G1 24 22 2000
G1 12 10 2000
G1 22 20 2000
G1 11 9 2000
G1 50 45 2000
G1 22 20 2000
G1 12 10 2000
G1 24 22 2000
G1 13 11 2000
G1 13 12 2000
G1 28 24 2000
G1 14 13 2000
G1 15 13 2000
G1 15 14 2000
G1 32 28 2000
G1 16 15 2000
G1 34 30 2000
G1 -32 72 2000
G1 -9 47 2000
G1 0 36 2000
G1 5 31 2000
G1 9 28 2000
G1 11 25 2000
G1 14 23 2000
G1 15 21 2000
G1 17 19 2000
G1 19 18 2000
G1 20 16 2000
G1 22 14 2000
G1 24 12 2000
G1 25 9 2000
G1 28 7 2000
G1 30 3 2000
G1 34 -1 2000
G1 40 -9 2000
G1 60 -33 2000
G1 39 -9 2000
G1 34 30 2000
G1 32 28 2000
G1 15 14 2000
G1 30 26 2000
G1 14 13 2000
G1 14 12 2000
G1 26 24 2000
G1 13 11 2000
G1 12 11 2000
G1 12 10 2000
G1 22 20 2000
G1 11 9 2000
G1 30 27 2000
G1 9 8 2000
G1 30 27 2000
G1 33 30 2000
G1 12 10 2000
G1 12 11 2000
G1 26 22 2000
G1 13 12 2000
G1 28 24 2000
G1 14 13 2000
G1 30 26 2000
G1 48 42 2000
G1 68 60 2000
G1 252 224 2000
G1 51 45 2000
G1 16 15 2000
G1 32 28 2000
G1 15 14 2000
G1 30 26 2000
G1 14 13 2000
G1 14 12 2000
G1 26 24 2000
G1 13 11 2000
G1 24 22 2000
G1 12 10 2000
G1 22 20 2000
G1 11 9 2000
G1 30 27 2000
G1 18 16 2000
G1 30 27 2000
G1 11 9 2000
G1 22 20 2000
G1 12 10 2000
G1 24 22 2000
G1 13 11 2000
G1 13 12 2000
G1 28 24 2000
G1 14 13 2000
G1 30 26 2000
G1 48 42 2000
G1 51 45 2000
G1 17 16 2000
G1 252 224 2000
G1 17 16 2000
G1 51 45 2000
G1 48 42 2000
G1 30 26 2000
G1 14 13 2000
G1 28 24 2000
G1 13 12 2000
G1 13 11 2000
G1 24 22 2000
G1 12 10 2000
G1 22 20 2000
G1 11 9 2000
G1 30 27 2000
G1 18 16 2000
G1 30 27 2000
G1 11 9 2000
G1 22 20 2000
G1 12 10 2000
G1 24 22 2000
G1 13 11 2000
G1 13 12 2000
G1 28 24 2000
G1 14 13 2000
G1 30 26 2000
G1 48 42 2000
G1 51 45 2000
G1 17 16 2000
G1 252 224 2000
G1 17 16 2000
G1 51 45 2000
G1 48 42 2000
G1 30 26 2000
G1 14 13 2000
G1 28 24 2000
G1 13 12 2000
G1 13 11 2000
G1 24 22 2000
G1 12 10 2000
G1 22 20 2000
G1 11 9 2000
G1 30 27 2000
G1 18 16 2000
G1 30 27 2000
G1 11 9 2000
G1 22 20 2000
G1 12 10 2000
G1 24 22 2000
G1 13 11 2000
G1 13 12 2000
G1 28 24 2000
G1 14 13 2000
G1 30 26 2000
G1 48 42 2000
G1 51 45 2000
G1 17 16 2000
G1 252 224 2000
G1 17 16 2000
G1 51 45 2000
G1 48 42 2000
G1 30 26 2000
G1 14 13 2000
G1 28 24 2000
G1 13 12 2000
G1 13 11 2000
G1 24 22 2000
G1 12 10 2000
G1 22 20 2000
G1 11 9 2000
G1 30 27 2000
G1 9 8 2000
