G1 20 -45 1000
G1 4 -27 1000
G1 2 -25 1000
G1 2 -24 1000
G1 3 -69 1000
G1 2 -44 1000
G1 0 -66 1000
G1 3 -66 1000
G1 7 -147 1000
G1 2 -40 1000
G1 6 -60 1000
G1 4 -38 1000
G1 6 -38 1000
G1 3 -18 1000
G1 4 -18 1000
G1 8 -34 1000
G1 10 -32 1000
G1 6 -15 1000
G1 7 -15 1000
G1 7 -14 1000
G1 8 -13 1000
G1 9 -12 1000
G1 10 -11 1000
G1 11 -10 1000
G1 12 -8 1000
G1 14 -7 1000
G1 15 -5 1000
G1 17 -3 1000
G1 19 -1 1000
G1 21 2 1000
G1 24 5 1000
G1 27 9 1000
G1 30 12 1000
G1 33 17 1000
G1 37 21 1000
G1 41 26 1000
G1 44 31 1000
G1 47 35 1000
G1 49 39 1000
G1 49 42 1000
G1 49 44 1000
G1 47 44 1000
G1 43 43 1000
G1 39 42 1000
G1 34 39 1000
G1 29 37 1000
G1 24 34 1000
G1 19 31 1000
G1 15 28 1000
G1 11 25 1000
G1 7 23 1000
G1 4 20 1000
G1 1 19 1000
G1 -1 17 1000
G1 -4 15 1000
G1 -5 14 1000
G1 -7 13 1000
G1 -9 12 1000
G1 -10 11 1000
G1 -11 10 1000
G1 -12 9 1000
G1 -13 9 1000
G1 -14 8 1000
G1 -15 8 1000
G1 -15 7 1000
G1 -16 7 1000
G1 -16 6 1000
G1 -34 12 1000
G1 -54 15 1000
G1 -38 10 1000
G1 -38 8 1000
G1 -120 24 1000
G1 -168 24 1000
G1 -88 12 1000
G1 -44 8 1000
G1 -23 4 1000
G1 -23 5 1000
G1 -25 6 1000
G1 -41 47 1000
G1 -56 -50 1000
G1 -29 -24 1000
G1 6 -57 1000
G1 4 -27 1000
G1 2 -25 1000
G1 2 -24 1000
G1 3 -69 1000
G1 2 -44 1000
G1 0 -66 1000
G1 3 -66 1000
G1 7 -147 1000
G1 2 -40 1000
G1 6 -60 1000
G1 4 -38 1000
G1 6 -38 1000
G1 3 -18 1000
G1 4 -18 1000
G1 8 -34 1000
G1 10 -32 1000
G1 6 -15 1000
G1 7 -15 1000
G1 7 -14 1000
G1 8 -13 1000
G1 9 -12 1000
G1 10 -11 1000
G1 11 -10 1000
G1 12 -8 1000
G1 10 -2 1000
G1 -16 6 1000
G1 -18 4 1000
G1 -30 3 1000
G1 -32 0 1000
G1 -33 -3 1000
G1 -22 -4 1000
G1 -12 -2 1000
G1 -48 -12 1000
G1 -36 -12 1000
G1 -11 -4 1000
G1 -44 -20 1000
G1 -44 -24 1000
G1 -6 -6 1000
G1 -7 -5 1000
G1 -7 -4 1000
G1 -8 -4 1000
G1 -16 -6 1000
G1 -24 -6 1000
G1 -16 -2 1000
G1 -14 0 1000
G1 -14 2 1000
G1 -14 4 1000
G1 -7 3 1000
G1 -12 6 1000
G1 -12 8 1000
G1 -6 5 1000
G1 -10 10 1000
G1 -15 18 1000
G1 -8 14 1000
G1 1 2 1000
G1 8 -14 1000
G1 6 -14 1000
G1 4 -16 1000
G1 2 -16 1000
G1 0 -16 1000
G1 -2 -16 1000
G1 -4 -16 1000
G1 -9 -21 1000
G1 -8 -14 1000
G1 -10 -14 1000
G1 -5 -6 1000
G1 -12 -12 1000
G1 -6 -5 1000
G1 -14 -10 1000
G1 -21 -12 1000
G1 -7 -3 1000
G1 -8 -3 1000
G1 -16 -4 1000
G1 -16 -2 1000
G1 -12 0 1000
G1 -24 -6 1000
G1 -24 -12 1000
G1 -4 -3 1000
G1 -18 -18 1000
G1 -6 -8 1000
G1 -12 -24 1000
G1 -5 -20 1000
G1 0 -24 1000
G1 5 -20 1000
G1 6 -12 1000
G1 6 -9 1000
G1 9 -9 1000
G1 9 -6 1000
G1 4 -2 1000
G1 16 -4 1000
G1 17 0 1000
G1 20 4 1000
G1 20 8 1000
G1 20 12 1000
G1 10 8 1000
G1 24 24 1000
G1 12 20 1000
G1 8 20 1000
G1 2 10 1000
G1 1 4 1000
G1 0 16 1000
G1 -4 16 1000
G1 -2 4 1000
G1 -8 12 1000
G1 -9 9 1000
G1 -6 4 1000
G1 -16 8 1000
G1 -20 5 1000
G1 -16 0 1000
G1 0 -1 1000
G1 24 3 1000
G1 16 4 1000
G1 8 3 1000
G1 7 3 1000
G1 14 8 1000
G1 14 10 1000
G1 6 5 1000
G1 18 18 1000
G1 5 6 1000
G1 5 7 1000
G1 12 21 1000
G1 6 14 1000
G1 4 16 1000
G1 2 16 1000
G1 0 16 1000
G1 -2 16 1000
G1 -4 16 1000
G1 -9 21 1000
G1 -4 7 1000
G1 -2 4 1000
G1 -15 21 1000
G1 -18 21 1000
G1 -14 14 1000
G1 -7 6 1000
G1 -24 18 1000
G1 -36 24 1000
G1 -30 18 1000
G1 -10 5 1000
G1 -3 -4 1000
G1 5 -2 1000
G1 8 -4 1000
G1 12 -3 1000
G1 14 0 1000
G1 12 4 1000
G1 10 10 1000
G1 4 12 1000
G1 0 15 1000
G1 -2 8 1000
G1 -2 10 1000
G1 -6 15 1000
G1 -3 5 1000
G1 -6 12 1000
G1 -12 18 1000
G1 -10 14 1000
G1 -6 7 1000
G1 -6 8 1000
G1 -7 8 1000
G1 -7 9 1000
G1 -8 9 1000
G1 -9 10 1000
G1 -11 12 1000
G1 -13 15 1000
G1 -19 21 1000
G1 -25 29 1000
G1 -28 -25 1000
G1 -29 -24 1000
G1 14 -62 1000
G1 15 -17 1000
G1 11 -13 1000
G1 10 -11 1000
G1 9 -10 1000
G1 8 -9 1000
G1 7 -8 1000
G1 26 -26 1000
G1 12 -10 1000
G1 5 -5 1000
G1 15 -12 1000
G1 15 -9 1000
G1 -2 6 1000
G1 10 -5 1000
G1 30 -18 1000
G1 36 -24 1000
G1 32 -24 1000
G1 7 -6 1000
G1 14 -14 1000
G1 18 -21 1000
G1 10 -14 1000
G1 2 -3 1000
G1 -15 21 1000
G1 -18 21 1000
G1 -14 14 1000
G1 -7 6 1000
G1 -24 18 1000
G1 -36 24 1000
G1 -30 18 1000
G1 -30 15 1000
G1 -77 35 1000
G1 -44 16 1000
G1 -20 6 1000
G1 -9 2 1000
G1 -9 1 1000
G1 -8 0 1000
G1 -42 49 1000
G1 26 -65 1000
G1 -1 -8 1000
G1 0 -9 1000
G1 1 -10 1000
G1 2 -10 1000
G1 4 -22 1000
G1 9 -33 1000
G1 9 -36 1000
G1 32 -88 1000
G1 8 -20 1000
G1 15 -30 1000
G1 20 -36 1000
G1 5 -8 1000
G1 12 -16 1000
G1 18 -21 1000
G1 12 -12 1000
G1 14 -10 1000
G1 21 -12 1000
G1 14 -6 1000
G1 14 -4 1000
G1 16 -2 1000
G1 16 0 1000
G1 16 2 1000
G1 16 4 1000
G1 8 3 1000
G1 7 3 1000
G1 21 12 1000
G1 14 10 1000
G1 6 5 1000
G1 12 12 1000
G1 5 6 1000
G1 10 14 1000
G1 8 14 1000
G1 9 21 1000
G1 4 16 1000
G1 2 16 1000
G1 0 16 1000
G1 -2 16 1000
G1 -4 16 1000
G1 -6 14 1000
G1 -8 14 1000
G1 -2 -1 1000
G1 8 -14 1000
G1 15 -18 1000
G1 10 -10 1000
G1 6 -5 1000
G1 18 -12 1000
G1 6 -3 1000
G1 7 -3 1000
G1 14 -4 1000
G1 14 -2 1000
G1 14 0 1000
G1 24 3 1000
G1 16 4 1000
G1 16 6 1000
G1 8 4 1000
G1 7 4 1000
G1 7 5 1000
G1 1 1 1000
G1 -7 -5 1000
G1 -7 -4 1000
G1 -8 -4 1000
G1 -16 -6 1000
G1 -24 -6 1000
G1 -16 -2 1000
G1 -14 0 1000
G1 -14 2 1000
G1 -14 4 1000
G1 -7 3 1000
G1 -12 6 1000
G1 -12 8 1000
G1 -6 5 1000
G1 -10 10 1000
G1 -15 18 1000
G1 -20 35 1000
G1 -15 40 1000
G1 -10 40 1000
G1 -4 32 1000
G1 0 24 1000
G1 1 8 1000
G1 2 14 1000
G1 4 14 1000
G1 2 6 1000
G1 6 12 1000
G1 3 5 1000
G1 4 5 1000
G1 8 8 1000
G1 5 1 1000
G1 6 6 1000
G1 3 6 1000
G1 1 3 1000
G1 0 16 1000
G1 -4 16 1000
G1 -2 4 1000
G1 -6 15 1000
G1 -9 15 1000
G1 -12 18 1000
G1 -5 6 1000
G1 -5 7 1000
G1 -12 14 1000
G1 -14 16 1000
G1 -8 9 1000
G1 -9 10 1000
G1 -11 12 1000
G1 -14 16 1000
G1 -33 38 1000
G1 -56 -50 1000
G1 26 -52 1000
G1 13 -15 1000
G1 10 -12 1000
G1 9 -10 1000
G1 8 -9 1000
G1 7 -8 1000
G1 7 -7 1000
G1 6 -7 1000
G1 12 -12 1000
G1 6 -5 1000
G1 10 -10 1000
G1 15 -12 1000
G1 5 -3 1000
G1 8 -6 1000
G1 16 -8 1000
G1 8 -2 1000
G1 6 -2 1000
G1 12 0 1000
G1 3 1 1000
G1 6 3 1000
G1 -2 2 1000
G1 -5 -4 1000
G1 -4 -4 1000
G1 -8 -10 1000
G1 -3 -5 1000
G1 -6 -12 1000
G1 -2 -6 1000
G1 -2 -7 1000
G1 -3 -21 1000
G1 -1 -8 1000
G1 0 -24 1000
G1 4 -32 1000
G1 10 -40 1000
G1 12 -32 1000
G1 4 -8 1000
G1 16 -28 1000
G1 5 -7 1000
G1 15 -18 1000
G1 5 -5 1000
G1 12 -10 1000
G1 12 -8 1000
G1 12 -6 1000
G1 7 -3 1000
G1 14 -4 1000
G1 14 -2 1000
G1 14 0 1000
G1 16 2 1000
G1 16 4 1000
G1 24 9 1000
G1 8 4 1000
G1 7 4 1000
G1 6 4 1000
G1 14 10 1000
G1 14 12 1000
G1 12 12 1000
G1 6 7 1000
G1 15 21 1000
G1 8 14 1000
G1 6 14 1000
G1 4 14 1000
G1 2 14 1000
G1 0 14 1000
G1 -3 21 1000
G1 -4 14 1000
G1 -6 14 1000
G1 -12 18 1000
G1 -15 18 1000
G1 -18 15 1000
G1 -21 15 1000
G1 -14 8 1000
G1 -24 12 1000
G1 -40 15 1000
G1 -24 6 1000
G1 -32 4 1000
G1 -22 0 1000
G1 -14 -2 1000
G1 -18 -6 1000
G1 -10 -6 1000
G1 -5 -4 1000
G1 -8 -8 1000
G1 -4 -5 1000
G1 -3 -5 1000
G1 -6 -12 1000
G1 -2 -6 1000
G1 -4 -14 1000
G1 -2 -14 1000
G1 -1 -8 1000
G1 0 -24 1000
G1 4 -32 1000
G1 10 -40 1000
G1 15 -40 1000
G1 20 -35 1000
G1 15 -18 1000
G1 10 -10 1000
G1 6 -5 1000
G1 12 -8 1000
G1 12 -6 1000
G1 7 -3 1000
G1 14 -4 1000
G1 14 -2 1000
G1 14 0 1000
G1 16 2 1000
G1 24 6 1000
G1 16 6 1000
G1 8 4 1000
G1 7 4 1000
G1 7 5 1000
G1 -1 2 1000
G1 10 7 1000
G1 44 24 1000
G1 44 20 1000
G1 11 4 1000
G1 36 12 1000
G1 36 9 1000
G1 24 4 1000
G1 22 4 1000
G1 33 3 1000
G1 32 0 1000
G1 20 -2 1000
G1 27 -6 1000
G1 8 -3 1000
G1 5 -2 1000
G1 -16 6 1000
G1 -18 4 1000
G1 -30 3 1000
G1 -32 0 1000
G1 -33 -3 1000
G1 -22 -4 1000
G1 -12 -2 1000
G1 -12 -3 1000
G1 -11 -5 1000
G1 8 2 1000
G1 20 10 1000
G1 28 21 1000
G1 4 4 1000
G1 18 24 1000
G1 10 20 1000
G1 4 16 1000
G1 0 15 1000
G1 -5 15 1000
G1 -4 6 1000
G1 -8 8 1000
G1 -9 6 1000
G1 -18 6 1000
G1 -4 1 1000
G1 -24 0 1000
G1 -28 -7 1000
G1 -8 -4 1000
G1 -18 -12 1000
G1 -15 -15 1000
G1 -12 -18 1000
G1 -4 -8 1000
G1 -6 -24 1000
G1 0 -24 1000
G1 7 -21 1000
G1 4 -6 1000
G1 8 -8 1000
G1 6 -4 1000
G1 15 -5 1000
G1 20 0 1000
G1 8 2 1000
G1 1 3 1000
G1 12 3 1000
G1 24 4 1000
G1 22 4 1000
G1 33 3 1000
G1 32 0 1000
G1 20 -2 1000
G1 9 -1 1000
G1 18 -4 1000
G1 8 -3 1000
G1 7 -3 1000
G1 14 -8 1000
G1 6 -5 1000
G1 5 -6 1000
G1 4 -6 1000
G1 3 -7 1000
G1 2 -8 1000
G1 1 -9 1000
G1 0 -10 1000
G1 -1 -11 1000
G1 -3 -12 1000
G1 -4 -13 1000
G1 -6 -14 1000
G1 -8 -15 1000
G1 -9 -16 1000
G1 -15 -15 1000
G1 -6 -8 1000
G1 -10 -20 1000
G1 -4 -12 1000
G1 0 -7 1000
G1 2 -4 1000
G1 1 -1 1000
G1 4 -2 1000
G1 8 0 1000
G1 3 1 1000
G1 4 1 1000
G1 4 2 1000
G1 10 4 1000
G1 5 3 1000
G1 6 3 1000
G1 12 8 1000
G1 7 4 1000
G1 14 10 1000
G1 24 18 1000
G1 8 7 1000
G1 36 28 1000
G1 9 8 1000
G1 2 6 1000
G1 90 80 1000
G1 72 56 1000
G1 45 30 1000
G1 8 6 1000
G1 40 25 1000
G1 21 12 1000
G1 18 9 1000
G1 10 4 1000
G1 8 2 1000
G1 6 0 1000
G1 2 -1 1000
G1 1 -1 1000
G1 1 -2 1000
G1 0 -3 1000
G1 -1 -4 1000
G1 -2 -5 1000
G1 -3 -6 1000
G1 -5 -7 1000
G1 -6 -8 1000
G1 -7 -9 1000
G1 -9 -10 1000
G1 -11 -12 1000
G1 -12 -13 1000
G1 -30 -30 1000
G1 -23 -20 1000
G1 -19 -19 1000
G1 -20 -19 1000
G1 -20 -20 1000
G1 -21 -20 1000
G1 -21 -21 1000
G1 -22 -21 1000
G1 -22 -22 1000
G1 -23 -22 1000
G1 -24 -23 1000
G1 -25 -24 1000
G1 -26 -25 1000
G1 -27 -26 1000
G1 -28 -27 1000
G1 -30 -29 1000
G1 -32 -30 1000
G1 -34 -32 1000
G1 -37 -34 1000
G1 -40 -37 1000
G1 -43 -40 1000
G1 -47 -44 1000
G1 -52 -48 1000
G1 -57 -52 1000
G1 -63 -57 1000
G1 -70 -63 1000
G1 -76 -69 1000
G1 -82 -74 1000
G1 -87 -78 1000
G1 -180 -160 1000
G1 -88 -78 1000
G1 -84 -74 1000
G1 -78 -69 1000
G1 -72 -63 1000
G1 -66 -57 1000
G1 -60 -52 1000
G1 -55 -47 1000
G1 -50 -42 1000
G1 -46 -39 1000
G1 -42 -36 1000
G1 -39 -33 1000
G1 -36 -31 1000
G1 -34 -28 1000
G1 -32 -27 1000
G1 -31 -25 1000
G1 -29 -24 1000
G1 -28 -23 1000
G1 -27 -22 1000
G1 -26 -21 1000
G1 -25 -20 1000
G1 -24 -20 1000
G1 -24 -19 1000
G1 -23 -19 1000
G1 -23 -18 1000
G1 -22 -18 1000
G1 -22 -17 1000
G1 -21 -17 1000
G1 -31 -28 1000
G1 50 41 1000
G1 57 48 1000
G1 63 54 1000
G1 67 58 1000
G1 67 60 1000
G1 65 59 1000
G1 60 56 1000
G1 53 50 1000
G1 46 44 1000
G1 38 38 1000
G1 31 32 1000
G1 25 27 1000
G1 19 23 1000
G1 15 19 1000
G1 11 15 1000
G1 7 13 1000
G1 4 10 1000
G1 2 8 1000
G1 0 6 1000
G1 -2 5 1000
G1 -3 4 1000
G1 -5 2 1000
G1 -6 1 1000
G1 -7 1 1000
G1 -7 0 1000
G1 -8 -1 1000
G1 -18 -4 1000
G1 -20 -6 1000
G1 -11 -3 1000
G1 -33 -12 1000
G1 -36 -15 1000
G1 -48 -24 1000
G1 -13 -6 1000
G1 -65 -35 1000
G1 -91 -56 1000
G1 -39 -27 1000
G1 -48 -36 1000
G1 -108 -90 1000
G1 -99 -99 1000
G1 -20 -22 1000
G1 -50 -60 1000
G1 -54 -72 1000
G1 -40 -60 1000
G1 -14 -24 1000
G1 -14 -22 1000
G1 -18 -33 1000
G1 -5 -11 1000
G1 -10 -20 1000
G1 -4 -10 1000
G1 -4 -9 1000
G1 -3 -9 1000
G1 -4 -16 1000
G1 -1 -7 1000
G1 0 -6 1000
G1 1 -6 1000
G1 2 -5 1000
G1 3 -3 1000
G1 5 -2 1000
G1 7 -1 1000
G1 9 1 1000
G1 11 4 1000
G1 14 6 1000
G1 17 9 1000
G1 21 13 1000
G1 25 17 1000
G1 31 22 1000
G1 37 28 1000
G1 43 34 1000
G1 12 12 1000
G1 42 34 1000
G1 22 17 1000
G1 22 18 1000
G1 23 18 1000
G1 23 19 1000
G1 24 19 1000
G1 24 20 1000
G1 25 20 1000
G1 26 21 1000
G1 27 22 1000
G1 28 23 1000
G1 29 24 1000
G1 31 25 1000
G1 32 27 1000
G1 34 29 1000
G1 37 31 1000
G1 39 33 1000
G1 42 36 1000
G1 46 39 1000
G1 50 43 1000
G1 55 47 1000
G1 60 52 1000
G1 66 57 1000
G1 73 63 1000
G1 79 69 1000
G1 84 74 1000
G1 88 78 1000
G1 180 160 1000
G1 87 78 1000
G1 82 73 1000
G1 76 68 1000
G1 69 63 1000
G1 63 57 1000
G1 57 52 1000
G1 52 47 1000
G1 47 43 1000
G1 43 40 1000
G1 39 37 1000
G1 36 34 1000
G1 34 32 1000
G1 32 30 1000
G1 30 29 1000
G1 28 27 1000
G1 27 26 1000
G1 26 25 1000
G1 25 24 1000
G1 24 23 1000
G1 23 22 1000
G1 22 22 1000
G1 22 21 1000
G1 21 21 1000
G1 21 20 1000
G1 20 20 1000
G1 20 19 1000
G1 37 37 1000
G1 38 36 1000
G1 54 54 1000
G1 54 51 1000
G1 51 51 1000
G1 170 160 1000
G1 15 13 1000
G1 32 30 1000
G1 15 14 1000
G1 39 39 1000
G1 11 12 1000
G1 10 11 1000
G1 9 10 1000
G1 8 9 1000
G1 7 8 1000
G1 6 8 1000
G1 5 7 1000
G1 4 6 1000
G1 3 5 1000
G1 2 5 1000
G1 1 4 1000
G1 1 3 1000
G1 0 3 1000
G1 -2 4 1000
G1 -4 2 1000
G1 -6 0 1000
G1 -8 -2 1000
G1 -5 -1 1000
G1 -10 -4 1000
G1 -6 -2 1000
G1 -6 -3 1000
G1 -14 -13 1000
G1 -9 -4 1000
G1 -8 -3 1000
G1 -7 -2 1000
G1 -6 -1 1000
G1 -11 0 1000
G1 -4 1 1000
G1 -6 4 1000
G1 -4 6 1000
G1 -1 4 1000
G1 0 9 1000
G1 2 10 1000
G1 1 6 1000
G1 4 12 1000
G1 2 7 1000
G1 9 21 1000
G1 8 14 1000
G1 4 8 1000
G1 25 40 1000
G1 30 40 1000
G1 49 56 1000
G1 32 32 1000
G1 56 49 1000
G1 9 7 1000
G1 4 -2 1000
G1 -15 -9 1000
G1 -12 -9 1000
G1 -20 -10 1000
G1 -8 -2 1000
G1 -9 -3 1000
G1 -11 0 1000
G1 -10 5 1000
G1 4 5 1000
G1 -10 5 1000
G1 -19 0 1000
G1 -18 -6 1000
G1 -4 -1 1000
G1 -36 -18 1000
G1 -12 -9 1000
G1 -39 -39 1000
G1 -16 -24 1000
G1 -7 -21 1000
G1 0 -15 1000
G1 4 -8 1000
G1 1 -1 1000
G1 8 -4 1000
G1 14 0 1000
G1 6 2 1000
G1 8 2 1000
G1 20 10 1000
G1 8 6 1000
G1 20 12 1000
G1 15 12 1000
G1 32 32 1000
G1 15 20 1000
G1 8 16 1000
G1 2 3 1000
G1 4 12 1000
G1 0 10 1000
G1 -4 8 1000
G1 -1 1 1000
G1 -5 -4 1000
G1 1 -1 1000
G1 8 -4 1000
G1 11 0 1000
G1 9 3 1000
G1 8 2 1000
G1 20 10 1000
G1 12 9 1000
G1 15 9 1000
G1 1 1 1000
G1 10 8 1000
G1 36 36 1000
G1 15 20 1000
G1 6 12 1000
G1 2 3 1000
G1 4 12 1000
G1 0 12 1000
G1 -4 8 1000
G1 -1 1 1000
G1 -10 5 1000
G1 -17 0 1000
G1 -21 -7 1000
G1 -36 -18 1000
G1 -12 -9 1000
G1 -42 -42 1000
G1 -16 -24 1000
G1 -6 -18 1000
G1 0 -15 1000
G1 4 -8 1000
G1 1 -1 1000
G1 10 -5 1000
G1 11 0 1000
G1 9 3 1000
G1 8 2 1000
G1 20 10 1000
G1 12 9 1000
G1 15 9 1000
G1 -1 4 1000
G1 -9 -7 1000
G1 -56 -49 1000
G1 -32 -32 1000
G1 -49 -56 1000
G1 -36 -48 1000
G1 -20 -32 1000
G1 -4 -8 1000
G1 -12 -21 1000
G1 -9 -21 1000
G1 -6 -18 1000
G1 -1 -6 1000
G1 -1 -5 1000
G1 0 -9 1000
G1 2 -8 1000
G1 2 -3 1000
G1 6 -4 1000
G1 4 -1 1000
G1 5 -1 1000
G1 5 0 1000
G1 6 1 1000
G1 7 2 1000
G1 8 3 1000
G1 9 4 1000
G1 3 2 1000
G1 10 5 1000
G1 11 6 1000
G1 12 7 1000
G1 13 8 1000
G1 14 9 1000
G1 15 10 1000
G1 16 12 1000
G1 17 13 1000
G1 18 14 1000
G1 18 15 1000
G1 19 15 1000
G1 19 16 1000
G1 60 51 1000
G1 19 18 1000
G1 19 17 1000
G1 18 17 1000
G1 33 33 1000
G1 15 16 1000
G1 14 15 1000
G1 13 14 1000
G1 11 13 1000
G1 10 12 1000
G1 9 12 1000
G1 8 11 1000
G1 7 10 1000
G1 5 9 1000
G1 4 8 1000
G1 3 7 1000
G1 2 7 1000
G1 2 6 1000
G1 1 5 1000
G1 0 5 1000
G1 -1 4 1000
G1 -4 6 1000
G1 -6 4 1000
G1 -8 2 1000
G1 -16 0 1000
G1 -12 -2 1000
G1 -28 -8 1000
G1 -32 -12 1000
G1 -32 -16 1000
G1 -54 -30 1000
G1 -54 -36 1000
G1 -27 -21 1000
G1 -56 -49 1000
G1 -32 -32 1000
G1 -49 -56 1000
G1 -30 -40 1000
G1 -25 -40 1000
G1 -4 -8 1000
G1 -8 -14 1000
G1 -9 -21 1000
G1 -2 -7 1000
G1 -4 -12 1000
G1 -1 -6 1000
G1 -2 -10 1000
G1 0 -9 1000
G1 1 -4 1000
G1 4 -6 1000
G1 6 -4 1000
G1 4 -1 1000
G1 11 0 1000
G1 6 1 1000
G1 7 2 1000
G1 8 3 1000
G1 9 4 1000
G1 11 12 1000
G1 6 3 1000
G1 6 2 1000
G1 15 6 1000
G1 8 2 1000
G1 10 0 1000
G1 4 -2 1000
G1 1 -2 1000
G1 0 -5 1000
G1 -1 -4 1000
G1 -2 -4 1000
G1 -3 -5 1000
G1 -3 -6 1000
G1 -4 -6 1000
G1 -5 -7 1000
G1 -6 -8 1000
G1 -7 -9 1000
G1 -8 -10 1000
G1 -9 -10 1000
G1 -10 -11 1000
G1 -11 -12 1000
G1 -12 -13 1000
G1 -42 -42 1000
G1 -16 -15 1000
G1 -8 -7 1000
G1 32 30 1000
G1 15 14 1000
G1 39 39 1000
G1 11 12 1000
G1 10 11 1000
G1 9 10 1000
G1 8 9 1000
G1 7 8 1000
G1 6 8 1000
G1 5 7 1000
G1 4 6 1000
G1 3 5 1000
G1 2 5 1000
G1 1 4 1000
G1 1 3 1000
G1 0 3 1000
G1 -2 4 1000
G1 -4 2 1000
G1 -6 0 1000
G1 -8 -2 1000
G1 -5 -1 1000
G1 -10 -4 1000
G1 -6 -2 1000
G1 -18 -9 1000
G1 -7 -3 1000
G1 -35 -20 1000
G1 -7 -5 1000
G1 -40 -25 1000
G1 -64 -48 1000
G1 -96 -84 1000
G1 -63 -63 1000
G1 -36 -42 1000
G1 -15 -21 1000
G1 -10 -12 1000
G1 -12 -18 1000
G1 -3 -6 1000
G1 -6 -10 1000
G1 -4 -10 1000
G1 -2 -4 1000
G1 -2 -8 1000
G1 0 -6 1000
G1 2 -4 1000
G1 4 -2 1000
G1 3 0 1000
G1 4 1 1000
G1 5 1 1000
G1 5 2 1000
G1 6 3 1000
G1 7 3 1000
G1 8 4 1000
G1 9 5 1000
G1 10 6 1000
G1 11 7 1000
G1 11 8 1000
G1 12 9 1000
G1 13 10 1000
G1 14 11 1000
G1 15 12 1000
G1 32 26 1000
G1 17 14 1000
G1 17 15 1000
G1 18 15 1000
G1 54 48 1000
G1 34 32 1000
G1 -2 -1 1000
G1 -17 -15 1000
G1 -170 -160 1000
G1 -51 -51 1000
G1 -54 -51 1000
G1 -54 -54 1000
G1 -19 -18 1000
G1 -53 -53 1000
G1 -20 -19 1000
G1 -20 -20 1000
G1 -21 -20 1000
G1 -21 -21 1000
G1 -22 -21 1000
G1 -22 -22 1000
G1 -23 -22 1000
G1 -24 -23 1000
G1 -25 -24 1000
G1 -26 -25 1000
G1 -27 -26 1000
G1 -28 -27 1000
G1 -30 -29 1000
G1 -32 -30 1000
G1 -34 -32 1000
G1 -37 -34 1000
G1 -40 -37 1000
G1 -43 -40 1000
G1 -47 -44 1000
G1 -52 -48 1000
G1 -57 -52 1000
G1 -63 -57 1000
G1 -70 -63 1000
G1 -76 -69 1000
G1 -82 -74 1000
G1 -87 -78 1000
G1 -180 -160 1000
G1 -88 -78 1000
G1 -84 -74 1000
G1 -78 -69 1000
G1 -72 -63 1000
G1 -66 -57 1000
G1 -60 -52 1000
G1 -55 -47 1000
G1 -50 -42 1000
G1 -46 -39 1000
G1 -42 -36 1000
G1 -39 -33 1000
G1 -36 -31 1000
G1 -34 -28 1000
G1 -32 -27 1000
G1 -31 -25 1000
G1 -29 -24 1000
G1 -28 -23 1000
G1 -27 -22 1000
G1 -26 -21 1000
G1 -25 -20 1000
G1 -24 -20 1000
G1 -24 -19 1000
G1 -23 -19 1000
G1 -23 -18 1000
G1 -22 -18 1000
G1 -22 -17 1000
G1 -63 -51 1000
G1 -80 -64 1000
G1 -38 -32 1000
G1 -57 -45 1000
G1 -162 -135 1000
G1 -510 -450 1000
G1 -170 -160 1000
G1 -51 -51 1000
G1 -54 -51 1000
G1 -54 -54 1000
G1 -38 -36 1000
G1 -19 -19 1000
G1 11 9 1000
G1 32 32 1000
G1 13 14 1000
G1 12 13 1000
G1 10 11 1000
G1 8 10 1000
G1 7 9 1000
G1 6 7 1000
G1 4 6 1000
G1 3 5 1000
G1 2 4 1000
G1 1 3 1000
G1 0 3 1000
G1 -1 2 1000
G1 -4 2 1000
G1 -3 0 1000
G1 -8 -2 1000
G1 -10 -4 1000
G1 -6 -2 1000
G1 -12 -6 1000
G1 -7 -3 1000
G1 -21 -12 1000
G1 -32 -20 1000
G1 -8 -6 1000
G1 -45 -30 1000
G1 -81 -63 1000
G1 -81 -72 1000
G1 -6 -5 1000
G1 -90 -80 1000
G1 -64 -64 1000
G1 -42 -48 1000
G1 -6 -8 1000
G1 -18 -21 1000
G1 -10 -14 1000
G1 1 -2 1000
G1 4 6 1000
G1 3 5 1000
G1 4 8 1000
G1 2 6 1000
G1 0 5 1000
G1 -1 2 1000
G1 -1 1 1000
G1 -2 1 1000
G1 -8 0 1000
G1 -3 -1 1000
G1 -8 -2 1000
G1 -4 -2 1000
G1 -15 -6 1000
G1 -10 -6 1000
G1 -18 -9 1000
G1 -24 -16 1000
G1 -14 -8 1000
G1 -56 -40 1000
G1 -91 -78 1000
G1 -54 -54 1000
G1 -30 -36 1000
G1 -8 -12 1000
G1 -12 -15 1000
G1 -9 -15 1000
G1 -3 -4 1000
G1 -6 -12 1000
G1 -2 -6 1000
G1 0 -8 1000
G1 1 -2 1000
G1 1 -1 1000
G1 2 -1 1000
G1 5 0 1000
G1 3 1 1000
G1 4 1 1000
G1 4 2 1000
G1 5 2 1000
G1 12 6 1000
G1 7 4 1000
G1 16 10 1000
G1 9 6 1000
G1 9 7 1000
G1 10 7 1000
G1 11 8 1000
G1 11 9 1000
G1 12 9 1000
G1 12 10 1000
G1 13 10 1000
G1 39 33 1000
G1 65 60 1000
G1 12 12 1000
G1 12 11 1000
G1 51 51 1000
G1 8 9 1000
G1 14 16 1000
G1 6 7 1000
G1 5 7 1000
G1 5 6 1000
G1 -6 -4 1000
G1 15 21 1000
G1 18 21 1000
G1 6 8 1000
G1 42 48 1000
G1 56 56 1000
G1 90 80 1000
G1 8 7 1000
G1 -90 -80 1000
G1 -64 -64 1000
G1 -42 -48 1000
G1 -6 -8 1000
G1 -18 -21 1000
G1 -15 -21 1000
G1 -12 -18 1000
G1 -6 -10 1000
G1 -2 -5 1000
G1 -2 -4 1000
G1 -1 -4 1000
G1 -1 -3 1000
G1 0 -3 1000
G1 1 -2 1000
G1 1 -1 1000
G1 2 -1 1000
G1 3 0 1000
G1 4 1 1000
G1 5 2 1000
G1 14 7 1000
G1 9 5 1000
G1 10 7 1000
G1 12 8 1000
G1 13 10 1000
G1 15 11 1000
G1 16 13 1000
G1 18 14 1000
G1 20 16 1000
G1 21 18 1000
G1 23 19 1000
G1 24 21 1000
G1 25 22 1000
G1 26 23 1000
G1 27 23 1000
G1 54 48 1000
G1 26 24 1000
G1 25 23 1000
G1 24 22 1000
G1 23 21 1000
G1 21 20 1000
G1 19 19 1000
G1 18 17 1000
G1 30 30 1000
G1 12 13 1000
G1 11 12 1000
G1 9 10 1000
G1 7 9 1000
G1 6 8 1000
G1 5 7 1000
G1 3 6 1000
G1 2 5 1000
G1 1 4 1000
G1 0 3 1000
G1 -1 2 1000
G1 -1 1 1000
G1 -2 1 1000
G1 -6 0 1000
G1 -8 -2 1000
G1 -10 -4 1000
G1 -18 -9 1000
G1 -21 -12 1000
G1 -40 -25 1000
G1 -8 -6 1000
G1 -45 -30 1000
G1 -72 -56 1000
G1 -90 -80 1000
G1 2 -2 1000
G1 -18 -16 1000
G1 -27 -21 1000
G1 -8 -7 1000
G1 -24 -18 1000
G1 -8 -5 1000
G1 -14 -10 1000
G1 -7 -4 1000
G1 -6 -4 1000
G1 -12 -6 1000
G1 -5 -3 1000
G1 -5 -2 1000
G1 -4 -2 1000
G1 -8 -2 1000
G1 -3 -1 1000
G1 -6 0 1000
G1 -4 2 1000
G1 -2 2 1000
G1 -1 2 1000
G1 0 10 1000
G1 3 9 1000
G1 1 4 1000
G1 8 16 1000
G1 6 8 1000
G1 1 2 1000
G1 -6 -8 1000
G1 -10 -20 1000
G1 -4 -12 1000
G1 0 -7 1000
G1 2 -4 1000
G1 1 -1 1000
G1 4 -2 1000
G1 8 0 1000
G1 3 1 1000
G1 4 1 1000
G1 4 2 1000
G1 10 4 1000
G1 5 3 1000
G1 6 3 1000
G1 12 8 1000
G1 7 4 1000
G1 14 10 1000
G1 24 18 1000
G1 8 7 1000
G1 36 28 1000
G1 27 24 1000
G1 32 32 1000
G1 7 8 1000
G1 14 14 1000
G1 12 14 1000
G1 6 6 1000
G1 10 12 1000
G1 4 6 1000
G1 4 5 1000
G1 6 10 1000
G1 6 12 1000
G1 2 6 1000
G1 0 7 1000
G1 -1 2 1000
G1 -1 1 1000
G1 -6 3 1000
G1 -11 0 1000
G1 -3 -1 1000
G1 -12 -3 1000
G1 -8 -4 1000
G1 -15 -6 1000
G1 -35 -21 1000
G1 -10 -8 1000
G1 -42 -28 1000
G1 -6 -5 1000
G1 -70 -70 1000
G1 -28 -35 1000
G1 -9 -15 1000
G1 8 4 1000
G1 11 17 1000
G1 9 16 1000
G1 7 15 1000
G1 5 13 1000
G1 4 12 1000
G1 2 11 1000
G1 1 10 1000
G1 -1 9 1000
G1 -2 8 1000
G1 -3 8 1000
G1 -4 7 1000
G1 -5 6 1000
G1 -5 5 1000
G1 -6 5 1000
G1 -7 4 1000
G1 -5 2 1000
G1 -16 6 1000
G1 -18 4 1000
G1 -30 3 1000
G1 -32 0 1000
G1 -33 -3 1000
G1 -22 -4 1000
G1 -12 -2 1000
G1 -48 -12 1000
G1 -36 -12 1000
G1 -11 -4 1000
G1 -44 -20 1000
G1 -44 -24 1000
G1 -40 -28 1000
G1 -20 -16 1000
G1 -18 -16 1000
G1 -27 -27 1000
G1 -16 -18 1000
G1 -16 -20 1000
G1 -28 -40 1000
G1 -24 -44 1000
G1 -20 -44 1000
G1 -16 -44 1000
G1 -9 -33 1000
G1 -6 -33 1000
G1 -1 -11 1000
G1 -1 -10 1000
G1 0 -30 1000
G1 2 -18 1000
G1 4 -16 1000
G1 3 -7 1000
G1 4 -7 1000
G1 4 -6 1000
G1 5 -6 1000
G1 6 -5 1000
G1 7 -4 1000
G1 8 -3 1000
G1 9 -2 1000
G1 10 -1 1000
G1 11 0 1000
G1 12 2 1000
G1 13 3 1000
G1 15 5 1000
G1 16 6 1000
G1 18 8 1000
G1 19 10 1000
G1 21 12 1000
G1 22 14 1000
G1 24 16 1000
G1 25 17 1000
G1 26 19 1000
G1 27 21 1000
G1 27 22 1000
G1 27 23 1000
G1 54 48 1000
G1 26 25 1000
G1 25 24 1000
G1 23 24 1000
G1 21 23 1000
G1 19 22 1000
G1 17 21 1000
G1 15 20 1000
G1 13 19 1000
G1 11 17 1000
G1 9 16 1000
G1 8 15 1000
G1 6 14 1000
G1 4 13 1000
G1 3 12 1000
G1 1 11 1000
G1 0 10 1000
G1 -1 9 1000
G1 -2 8 1000
G1 -3 7 1000
G1 -4 6 1000
G1 -5 6 1000
G1 -6 5 1000
G1 -14 8 1000
G1 -2 -2 1000
G1 -13 7 1000
G1 -12 9 1000
G1 -10 10 1000
G1 -9 11 1000
G1 -8 12 1000
G1 -8 13 1000
G1 -7 14 1000
G1 -6 15 1000
G1 -6 16 1000
G1 -5 16 1000
G1 -5 17 1000
G1 -4 17 1000
G1 -4 18 1000
G1 -6 36 1000
G1 -6 38 1000
G1 -2 19 1000
G1 -6 60 1000
G1 4 0 1000
G1 0 -16 1000
G1 -2 -16 1000
G1 -2 -8 1000
G1 -2 -7 1000
G1 -9 -21 1000
G1 -8 -14 1000
G1 -15 -18 1000
G1 -18 -15 1000
G1 -6 -4 1000
G1 -14 -8 1000
G1 -14 -6 1000
G1 -14 -4 1000
G1 -16 -2 1000
G1 -16 0 1000
G1 -16 2 1000
G1 -16 4 1000
G1 -16 6 1000
G1 -14 8 1000
G1 -14 10 1000
G1 -14 12 1000
G1 -21 21 1000
G1 -14 16 1000
G1 -14 18 1000
G1 -21 30 1000
G1 -14 22 1000
G1 -14 24 1000
G1 0 1 1000
G1 -10 16 1000
G1 -6 9 1000
G1 -7 9 1000
G1 -7 10 1000
G1 -8 11 1000
G1 -9 12 1000
G1 -11 13 1000
G1 -13 15 1000
G1 -17 19 1000
G1 -31 35 1000
G1 -15 17 1000
G1 -84 -75 1000
G1 14 -63 1000
G1 19 -22 1000
G1 14 -16 1000
G1 12 -13 1000
G1 38 -38 1000
G1 16 -14 1000
G1 7 -6 1000
G1 14 -10 1000
G1 7 -4 1000
G1 6 -4 1000
G1 18 -9 1000
G1 6 -2 1000
G1 5 -2 1000
G1 10 -2 1000
G1 15 0 1000
G1 12 3 1000
G1 4 2 1000
G1 6 4 1000
G1 6 6 1000
G1 4 6 1000
G1 4 8 1000
G1 2 8 1000
G1 1 5 1000
G1 0 15 1000
G1 -2 12 1000
G1 -4 12 1000
G1 -2 7 1000
G1 -6 14 1000
G1 -4 7 1000
G1 -4 8 1000
G1 -1 0 1000
G1 7 -13 1000
G1 7 -12 1000
G1 21 -33 1000
G1 14 -20 1000
G1 14 -18 1000
G1 14 -16 1000
G1 21 -21 1000
G1 14 -12 1000
G1 14 -10 1000
G1 14 -8 1000
G1 16 -6 1000
G1 16 -4 1000
G1 16 -2 1000
G1 16 0 1000
G1 16 2 1000
G1 14 4 1000
G1 14 6 1000
G1 14 8 1000
G1 6 4 1000
G1 18 15 1000
G1 15 18 1000
G1 8 14 1000
G1 9 21 1000
G1 2 7 1000
G1 2 8 1000
G1 2 16 1000
G1 0 17 1000
G1 -2 16 1000
G1 -4 16 1000
G1 -6 16 1000
G1 -8 16 1000
G1 -10 16 1000
G1 -12 16 1000
G1 -21 24 1000
G1 -16 16 1000
G1 -18 16 1000
G1 -20 16 1000
G1 -11 8 1000
G1 -11 9 1000
G1 -24 18 1000
G1 -13 10 1000
G1 -14 10 1000
G1 -15 11 1000
G1 -16 12 1000
G1 -18 14 1000
G1 -21 18 1000
G1 -34 32 1000
G1 -17 20 1000
G1 -29 -24 1000
G1 -28 -25 1000
G1 -27 -26 1000
G1 -29 -24 1000
G1 15 -53 1000
G1 20 -29 1000
G1 14 -22 1000
G1 11 -19 1000
G1 10 -17 1000
G1 9 -16 1000
G1 8 -15 1000
G1 8 -14 1000
G1 8 -13 1000
G1 14 -24 1000
G1 14 -22 1000
G1 21 -30 1000
G1 14 -18 1000
G1 14 -16 1000
G1 21 -21 1000
G1 14 -12 1000
G1 14 -10 1000
G1 14 -8 1000
G1 16 -6 1000
G1 16 -4 1000
G1 16 -2 1000
G1 16 0 1000
G1 16 2 1000
G1 14 4 1000
G1 14 6 1000
G1 14 8 1000
G1 6 4 1000
G1 18 15 1000
G1 15 18 1000
G1 8 14 1000
G1 9 21 1000
G1 2 7 1000
G1 2 8 1000
G1 2 16 1000
G1 0 16 1000
G1 -4 0 1000
G1 -2 20 1000
G1 -1 20 1000
G1 -6 126 1000
G1 3 12 1000
G1 0 6 1000
G1 -1 3 1000
G1 -4 16 1000
G1 -10 20 1000
G1 -15 20 1000
G1 -54 54 1000
G1 -42 35 1000
G1 -28 20 1000
G1 -7 6 1000
G1 -8 6 1000
G1 -41 47 1000
G1 -28 -25 1000
G1 35 -51 1000
G1 5 -9 1000
G1 5 -8 1000
G1 8 -16 1000
G1 24 -42 1000
G1 28 -42 1000
G1 20 -25 1000
G1 24 -24 1000
G1 20 -15 1000
G1 16 -8 1000
G1 15 -5 1000
G1 15 0 1000
G1 6 2 1000
G1 8 4 1000
G1 6 6 1000
G1 3 6 1000
G1 3 9 1000
G1 0 9 1000
G1 -3 2 1000
G1 -1 21 1000
G1 -3 66 1000
G1 0 66 1000
G1 -2 44 1000
G1 -3 69 1000
G1 -2 24 1000
G1 -3 25 1000
G1 -5 28 1000
G1 -29 33 1000
G1 28 25 1000
G1 29 24 1000
G1 28 25 1000
G1 68 -27 1000
G1 24 -6 1000
G1 23 -5 1000
G1 23 -4 1000
G1 44 -8 1000
G1 88 -12 1000
G1 168 -24 1000
G1 100 -20 1000
G1 9 -3 1000
G1 -10 2 1000
G1 -15 6 1000
G1 -20 12 1000
G1 -16 16 1000
G1 -20 25 1000
G1 -4 6 1000
G1 -24 48 1000
G1 -10 30 1000
G1 -5 30 1000
G1 4 -1 1000
G1 0 3 1000
G1 -1 3 1000
G1 -4 16 1000
G1 -4 8 1000
G1 -4 10 1000
G1 -9 15 1000
G1 -4 5 1000
G1 -8 12 1000
G1 -10 12 1000
G1 -12 14 1000
G1 -7 8 1000
G1 -8 9 1000
G1 -9 10 1000
G1 -10 11 1000
G1 -13 14 1000
G1 -36 41 1000
G1 -28 -25 1000
G1 -29 -24 1000
G1 37 -54 1000
G1 11 -13 1000
G1 9 -10 1000
G1 8 -9 1000
G1 7 -8 1000
G1 7 -7 1000
G1 6 -7 1000
G1 27 -27 1000
G1 10 -8 1000
G1 4 -4 1000
G1 12 -9 1000
G1 16 -8 1000
G1 12 -4 1000
G1 11 0 1000
G1 10 5 1000
G1 2 2 1000
G1 4 8 1000
G1 1 3 1000
G1 0 9 1000
G1 -4 3 1000
G1 0 -6 1000
G1 4 -24 1000
G1 12 -36 1000
G1 21 -42 1000
G1 4 -6 1000
G1 20 -25 1000
G1 16 -16 1000
G1 5 -4 1000
G1 15 -9 1000
G1 20 -8 1000
G1 5 -1 1000
G1 2 0 1000
G1 10 -2 1000
G1 15 0 1000
G1 20 4 1000
G1 5 2 1000
G1 12 6 1000
G1 16 12 1000
G1 12 16 1000
G1 4 8 1000
G1 4 10 1000
G1 4 20 1000
G1 0 15 1000
G1 -3 15 1000
G1 -8 20 1000
G1 -12 20 1000
G1 -16 20 1000
G1 -5 5 1000
G1 -25 20 1000
G1 -24 16 1000
G1 -36 18 1000
G1 -30 10 1000
G1 -12 2 1000
G1 -5 1 1000
G1 -15 0 1000
G1 -12 -3 1000
G1 -4 -2 1000
G1 -6 -4 1000
G1 -3 -3 1000
G1 -2 -3 1000
G1 -4 -8 1000
G1 -2 -8 1000
G1 -1 -5 1000
G1 0 -22 1000
G1 5 -30 1000
G1 10 -30 1000
G1 24 -48 1000
G1 4 -6 1000
G1 20 -25 1000
G1 16 -16 1000
G1 20 -12 1000
G1 15 -6 1000
G1 10 -2 1000
G1 0 1 1000
G1 38 -8 1000
G1 38 -10 1000
G1 54 -15 1000
G1 51 -18 1000
G1 16 -7 1000
G1 30 -14 1000
G1 0 -1 1000
G1 6 -3 1000
G1 12 -4 1000
G1 14 -2 1000
G1 15 0 1000
G1 16 2 1000
G1 8 2 1000
G1 9 2 1000
G1 18 6 1000
G1 9 4 1000
G1 18 10 1000
G1 27 18 1000
G1 18 14 1000
G1 27 24 1000
G1 16 16 1000
G1 8 9 1000
G1 14 18 1000
G1 12 18 1000
G1 10 18 1000
G1 8 16 1000
G1 3 8 1000
G1 4 16 1000
G1 1 8 1000
G1 1 7 1000
G1 0 14 1000
G1 -1 7 1000
G1 -1 6 1000
G1 -4 12 1000
G1 -6 10 1000
G1 -8 10 1000
G1 -4 4 1000
G1 -15 12 1000
G1 -24 12 1000
G1 -6 2 1000
G1 -21 6 1000
G1 -28 4 1000
G1 -21 0 1000
G1 -28 -4 1000
G1 -28 -8 1000
G1 -28 -12 1000
G1 -24 -16 1000
G1 -6 -5 1000
G1 -20 -20 1000
G1 -5 -6 1000
G1 -16 -24 1000
G1 -12 -28 1000
G1 -8 -28 1000
G1 -4 -28 1000
G1 0 -28 1000
G1 4 -28 1000
G1 2 -7 1000
G1 4 -12 1000
G1 9 -18 1000
G1 3 -5 1000
G1 8 -10 1000
G1 4 -4 1000
G1 10 -8 1000
G1 5 -3 1000
G1 -30 14 1000
G1 -16 7 1000
G1 -16 6 1000
G1 -34 12 1000
G1 -54 15 1000
G1 -38 10 1000
G1 -38 8 1000
G1 -100 20 1000
G1 -21 4 1000
G1 -105 15 1000
G1 -4 -3 1000
G1 15 0 1000
G1 9 3 1000
G1 3 2 1000
G1 8 8 1000
G1 2 3 1000
G1 3 9 1000
G1 1 4 1000
G1 0 16 1000
G1 -3 15 1000
G1 -6 15 1000
G1 -9 18 1000
G1 -8 12 1000
G1 -4 7 1000
G1 -10 14 1000
G1 -12 16 1000
G1 -7 9 1000
G1 -8 9 1000
G1 -9 10 1000
G1 -10 11 1000
G1 -12 13 1000
G1 -15 17 1000
G1 -39 45 1000
G1 -56 -50 1000
G1 -29 -24 1000
G1 36 -43 1000
G1 16 -18 1000
G1 12 -14 1000
G1 10 -12 1000
G1 9 -10 1000
G1 8 -9 1000
G1 8 -8 1000
G1 7 -8 1000
G1 7 -7 1000
G1 7 -6 1000
G1 6 -6 1000
G1 18 -15 1000
G1 6 -4 1000
G1 5 -4 1000
G1 15 -9 1000
G1 15 -6 1000
G1 12 -3 1000
G1 -2 4 1000
G1 -42 6 1000
G1 -88 12 1000
G1 -44 8 1000
G1 -23 4 1000
G1 -23 5 1000
G1 -24 6 1000
G1 -26 8 1000
G1 -31 35 1000
G1 -84 -75 1000
G1 17 -69 1000
G1 3 -25 1000
G1 2 -24 1000
G1 3 -69 1000
G1 3 -66 1000
G1 0 -66 1000
G1 2 -44 1000
G1 7 -147 1000
G1 2 -40 1000
G1 6 -60 1000
G1 4 -38 1000
G1 6 -38 1000
G1 3 -18 1000
G1 8 -36 1000
G1 4 -17 1000
G1 5 -17 1000
G1 5 -16 1000
G1 12 -30 1000
G1 7 -14 1000
G1 8 -13 1000
G1 9 -12 1000
G1 10 -11 1000
G1 11 -10 1000
G1 12 -9 1000
G1 13 -7 1000
G1 15 -5 1000
G1 16 -4 1000
G1 18 -1 1000
G1 21 1 1000
G1 23 4 1000
G1 26 8 1000
G1 29 11 1000
G1 32 15 1000
G1 36 20 1000
G1 40 24 1000
G1 43 29 1000
G1 46 34 1000
G1 48 38 1000
G1 49 41 1000
G1 49 43 1000
G1 47 44 1000
G1 44 44 1000
G1 40 42 1000
G1 36 40 1000
G1 31 37 1000
G1 25 34 1000
G1 21 31 1000
G1 16 29 1000
G1 12 26 1000
G1 8 23 1000
G1 5 21 1000
G1 2 19 1000
G1 -1 17 1000
G1 -3 16 1000
G1 -5 14 1000
G1 -7 13 1000
G1 -8 12 1000
G1 -10 11 1000
G1 -11 10 1000
G1 -12 10 1000
G1 -13 9 1000
G1 -28 16 1000
G1 -15 7 1000
G1 -32 14 1000
G1 -34 12 1000
G1 -18 6 1000
G1 -36 10 1000
G1 -38 10 1000
G1 -38 8 1000
G1 -120 24 1000
G1 -21 4 1000
G1 -147 21 1000
G1 -88 12 1000
G1 -44 8 1000
G1 -23 4 1000
G1 -23 5 1000
G1 -24 6 1000
G1 -26 8 1000
G1 -31 35 1000
G1 29 24 1000
G1 28 26 1000
G1 28 25 1000
G1 29 24 1000
G1 28 26 1000
G1 112 100 1000
G1 29 24 1000
G1 56 50 1000
G1 27 26 1000
G1 140 125 1000
G1 29 24 1000
G1 56 50 1000
G1 28 26 1000
G1 28 25 1000
G1 29 24 1000
G1 27 26 1000
G1 56 50 1000
G1 27 26 1000
G1 29 25 1000
G1 84 75 1000
G1 29 24 1000
G1 28 26 1000
G1 28 25 1000
G1 29 24 1000
G1 3 1 1000
G1 76 -98 1000
G1 30 -45 1000
G1 22 -36 1000
G1 19 -31 1000
G1 17 -28 1000
G1 16 -25 1000
G1 15 -24 1000
G1 14 -22 1000
G1 14 -20 1000
G1 14 -19 1000
G1 14 -18 1000
G1 14 -17 1000
G1 14 -15 1000
G1 14 -14 1000
G1 14 -13 1000
G1 15 -12 1000
G1 15 -10 1000
G1 16 -9 1000
G1 17 -7 1000
G1 17 -6 1000
G1 18 -4 1000
G1 19 -2 1000
G1 20 -1 1000
G1 21 1 1000
G1 21 3 1000
G1 22 5 1000
G1 23 7 1000
G1 24 9 1000
G1 24 11 1000
G1 25 13 1000
G1 25 15 1000
G1 25 17 1000
G1 25 19 1000
G1 25 20 1000
G1 24 21 1000
G1 23 22 1000
G1 22 23 1000
G1 20 23 1000
G1 18 23 1000
G1 16 23 1000
G1 14 23 1000
G1 12 23 1000
G1 10 22 1000
G1 8 22 1000
G1 6 21 1000
G1 4 20 1000
G1 2 20 1000
G1 0 19 1000
G1 -2 19 1000
G1 -4 18 1000
G1 -5 17 1000
G1 -7 17 1000
G1 -8 17 1000
G1 -10 16 1000
G1 -11 16 1000
G1 -12 16 1000
G1 -13 16 1000
G1 -15 16 1000
G1 -16 16 1000
G1 -17 16 1000
G1 -18 16 1000
G1 -20 17 1000
G1 -21 18 1000
G1 -23 19 1000
G1 -25 20 1000
G1 -28 23 1000
G1 -32 27 1000
G1 -40 36 1000
G1 -87 88 1000
G1 -112 -100 1000
G1 -29 -24 1000
G1 -28 -25 1000
G1 -27 -26 1000
G1 -112 -100 1000
G1 -29 -24 1000
G1 -56 -50 1000
G1 -27 -26 1000
G1 -29 -24 1000
G1 -17 -17 1000
G1 76 -98 1000
G1 30 -45 1000
G1 22 -36 1000
G1 19 -31 1000
G1 17 -28 1000
G1 16 -25 1000
G1 15 -24 1000
G1 14 -22 1000
G1 14 -20 1000
G1 14 -19 1000
G1 14 -18 1000
G1 14 -17 1000
G1 14 -15 1000
G1 14 -14 1000
G1 14 -13 1000
G1 15 -12 1000
G1 15 -10 1000
G1 16 -9 1000
G1 17 -7 1000
G1 17 -6 1000
G1 4 4 1000
G1 -16 4 1000
G1 -36 4 1000
G1 -27 0 1000
G1 -36 -4 1000
G1 -27 -6 1000
G1 -36 -12 1000
G1 -24 -12 1000
G1 -24 -15 1000
G1 -7 -5 1000
G1 -21 -18 1000
G1 -6 -6 1000
G1 -24 -28 1000
G1 -15 -24 1000
G1 -12 -24 1000
G1 -4 -9 1000
G1 -12 -36 1000
G1 2 -3 1000
G1 -4 -12 1000
G1 -14 -21 1000
G1 -21 -14 1000
G1 -18 -6 1000
G1 -18 0 1000
G1 -18 6 1000
G1 -9 6 1000
G1 -8 8 1000
G1 -10 15 1000
G1 -8 24 1000
G1 3 2 1000
G1 0 -15 1000
G1 -6 -18 1000
G1 -6 -9 1000
G1 -10 -10 1000
G1 -6 -4 1000
G1 -18 -6 1000
G1 -18 0 1000
G1 -15 5 1000
G1 -21 14 1000
G1 -9 9 1000
G1 -12 18 1000
G1 -6 12 1000
G1 -5 20 1000
G1 2 -10 1000
G1 0 -18 1000
G1 -4 -16 1000
G1 -2 -4 1000
G1 -8 -12 1000
G1 -3 -3 1000
G1 -15 -10 1000
G1 -16 -4 1000
G1 -12 0 1000
G1 -12 3 1000
G1 -5 1 1000
G1 -20 8 1000
G1 -15 9 1000
G1 -20 16 1000
G1 -3 5 1000
G1 -6 6 1000
G1 -28 24 1000
G1 -32 24 1000
G1 -18 12 1000
G1 -9 7 1000
G1 -30 21 1000
G1 -22 16 1000
G1 -12 9 1000
G1 -13 10 1000
G1 -15 12 1000
G1 -37 42 1000
G1 -56 -50 1000
G1 25 -50 1000
G1 10 -17 1000
G1 8 -15 1000
G1 7 -13 1000
G1 7 -12 1000
G1 6 -12 1000
G1 12 -22 1000
G1 20 -40 1000
G1 15 -27 1000
G1 20 -32 1000
G1 20 -28 1000
G1 15 -18 1000
G1 10 -10 1000
G1 6 -5 1000
G1 18 -12 1000
G1 18 -9 1000
G1 18 -6 1000
G1 18 -3 1000
G1 15 0 1000
G1 15 3 1000
G1 15 6 1000
G1 16 12 1000
G1 4 4 1000
G1 12 16 1000
G1 6 15 1000
G1 3 15 1000
G1 0 18 1000
G1 -3 18 1000
G1 -6 18 1000
G1 -9 18 1000
G1 -12 18 1000
G1 -20 24 1000
G1 -12 12 1000
G1 -1 -1 1000
G1 5 -5 1000
G1 20 -16 1000
G1 15 -9 1000
G1 20 -8 1000
G1 5 -1 1000
G1 8 -2 1000
G1 16 0 1000
G1 16 4 1000
G1 12 8 1000
G1 6 6 1000
G1 8 12 1000
G1 2 4 1000
G1 4 16 1000
G1 0 13 1000
G1 -2 10 1000
G1 -1 4 1000
G1 -1 5 1000
G1 -8 20 1000
G1 -12 20 1000
G1 -16 20 1000
G1 -10 10 1000
G1 -10 12 1000
G1 -24 24 1000
G1 -28 24 1000
G1 -24 18 1000
G1 -8 7 1000
G1 -18 14 1000
G1 -20 16 1000
G1 -11 9 1000
G1 -13 11 1000
G1 -34 39 1000
G1 -29 -24 1000
G1 6 -62 1000
G1 10 -15 1000
G1 8 -13 1000
G1 7 -12 1000
G1 6 -11 1000
G1 12 -20 1000
G1 15 -27 1000
G1 20 -32 1000
G1 20 -28 1000
G1 20 -24 1000
G1 20 -20 1000
G1 20 -16 1000
G1 15 -9 1000
G1 20 -8 1000
G1 5 -1 1000
G1 12 -3 1000
G1 12 0 1000
G1 16 4 1000
G1 15 10 1000
G1 3 3 1000
G1 8 12 1000
G1 2 4 1000
G1 4 16 1000
G1 0 18 1000
G1 -2 10 1000
G1 5 -20 1000
G1 6 -12 1000
G1 12 -18 1000
G1 9 -9 1000
G1 21 -14 1000
G1 15 -5 1000
G1 18 0 1000
G1 18 6 1000
G1 9 6 1000
G1 8 8 1000
G1 6 9 1000
G1 6 18 1000
G1 0 18 1000
G1 -5 15 1000
G1 -14 21 1000
G1 -15 15 1000
G1 -24 16 1000
G1 -4 2 1000
G1 -12 3 1000
G1 -9 3 1000
G1 -9 0 1000
G1 12 6 1000
G1 4 4 1000
G1 5 10 1000
G1 1 3 1000
G1 0 18 1000
G1 -4 12 1000
G1 -1 4 1000
G1 -12 24 1000
G1 -18 24 1000
G1 -12 12 1000
G1 -4 0 1000
G1 9 -8 1000
G1 8 -8 1000
G1 8 -7 1000
G1 16 -12 1000
G1 14 -10 1000
G1 14 -8 1000
G1 14 -6 1000
G1 14 -4 1000
G1 12 -2 1000
G1 18 0 1000
G1 6 1 1000
G1 5 1 1000
G1 15 6 1000
G1 12 9 1000
G1 4 4 1000
G1 6 8 1000
G1 3 5 1000
G1 6 15 1000
G1 3 18 1000
G1 0 12 1000
G1 -2 14 1000
G1 -4 14 1000
G1 -3 7 1000
G1 -6 16 1000
G1 -8 16 1000
G1 -5 8 1000
G1 -12 18 1000
G1 -7 9 1000
G1 -7 10 1000
G1 -8 10 1000
G1 -9 11 1000
G1 -10 12 1000
G1 -11 12 1000
G1 -12 14 1000
G1 -14 16 1000
G1 -18 19 1000
G1 -26 28 1000
G1 -31 36 1000
G1 -29 -24 1000
G1 -27 -26 1000
G1 -29 -24 1000
G1 -28 -26 1000
G1 -23 -20 1000
G1 45 -53 1000
G1 19 -23 1000
G1 15 -18 1000
G1 13 -15 1000
G1 11 -13 1000
G1 10 -12 1000
G1 10 -11 1000
G1 9 -10 1000
G1 9 -9 1000
G1 1 2 1000
G1 16 -16 1000
G1 18 -24 1000
G1 10 -20 1000
G1 1 -4 1000
G1 1 -3 1000
G1 -1 4 1000
G1 -12 24 1000
G1 -18 24 1000
G1 -32 32 1000
G1 -45 36 1000
G1 -35 21 1000
G1 -5 2 1000
G1 -8 4 1000
G1 -8 2 1000
G1 -3 1 1000
G1 -3 0 1000
G1 -4 -2 1000
G1 -2 -4 1000
G1 0 -6 1000
G1 3 -12 1000
G1 12 -30 1000
G1 15 -30 1000
G1 33 -55 1000
G1 21 -28 1000
G1 18 -18 1000
G1 15 -10 1000
G1 15 -5 1000
G1 24 0 1000
G1 9 -3 1000
G1 16 -4 1000
G1 4 -2 1000
G1 24 -16 1000
G1 15 -15 1000
G1 12 -18 1000
G1 1 -3 1000
G1 -14 21 1000
G1 -15 15 1000
G1 -24 16 1000
G1 -4 2 1000
G1 -12 3 1000
G1 -9 3 1000
G1 -18 0 1000
G1 -12 -4 1000
G1 -4 -2 1000
G1 -10 -10 1000
G1 -1 -2 1000
G1 -6 -18 1000
G1 0 -20 1000
G1 8 -32 1000
G1 6 -12 1000
G1 12 -18 1000
G1 9 -9 1000
G1 21 -14 1000
G1 15 -5 1000
G1 18 0 1000
G1 18 6 1000
G1 6 4 1000
G1 10 10 1000
G1 6 9 1000
G1 6 18 1000
G1 0 15 1000
G1 -4 0 1000
G1 0 -3 1000
G1 8 -24 1000
G1 8 -12 1000
G1 10 -10 1000
G1 9 -6 1000
G1 18 -6 1000
G1 15 0 1000
G1 18 6 1000
G1 21 14 1000
G1 2 2 1000
G1 14 21 1000
G1 3 9 1000
G1 1 2 1000
G1 2 6 1000
G1 0 18 1000
G1 -6 18 1000
G1 -6 9 1000
G1 -8 8 1000
G1 -18 12 1000
G1 -2 -3 1000
G1 15 -5 1000
G1 21 0 1000
G1 9 3 1000
G1 8 4 1000
G1 16 16 1000
G1 3 6 1000
G1 4 12 1000
G1 0 21 1000
G1 -7 21 1000
G1 -20 20 1000
G1 -9 6 1000
G1 -27 9 1000
G1 -21 0 1000
G1 -3 -1 1000
G1 -14 -7 1000
G1 -6 -6 1000
G1 -7 -14 1000
G1 -1 -3 1000
G1 0 -27 1000
G1 9 -27 1000
G1 4 -6 1000
G1 20 -20 1000
G1 2 -1 1000
G1 3 -1 1000
G1 1 3 1000
G1 3 -1 1000
G1 15 -10 1000
G1 8 -8 1000
G1 8 -12 1000
G1 6 -18 1000
G1 0 -15 1000
G1 -2 -6 1000
G1 0 -1 1000
G1 2 6 1000
G1 0 18 1000
G1 -6 18 1000
G1 -6 9 1000
G1 -8 8 1000
G1 -18 12 1000
G1 -21 7 1000
G1 -21 0 1000
G1 -21 -7 1000
G1 -3 -2 1000
G1 -14 -14 1000
G1 -4 -6 1000
G1 -7 -21 1000
G1 0 -21 1000
G1 8 -24 1000
G1 10 -15 1000
G1 8 -8 1000
G1 9 -6 1000
G1 18 -6 1000
G1 18 0 1000
G1 18 6 1000
G1 21 14 1000
G1 14 21 1000
G1 4 12 1000
G1 -3 0 1000
G1 12 36 1000
G1 8 18 1000
G1 8 16 1000
G1 15 24 1000
G1 5 7 1000
G1 24 28 1000
G1 21 18 1000
G1 7 5 1000
G1 24 15 1000
G1 24 12 1000
G1 9 4 1000
G1 27 9 1000
G1 36 8 1000
G1 27 3 1000
G1 36 0 1000
G1 27 -3 1000
G1 16 -4 1000
G1 3 -1 1000
G1 8 -2 1000
G1 8 -3 1000
G1 14 -6 1000
G1 14 -8 1000
G1 6 -4 1000
G1 6 -5 1000
G1 10 -10 1000
G1 8 -12 1000
G1 6 -14 1000
G1 2 -7 1000
G1 1 -8 1000
G1 0 -17 1000
G1 -1 -9 1000
G1 -2 -10 1000
G1 -3 -10 1000
G1 -4 -10 1000
G1 -4 -11 1000
G1 -5 -11 1000
G1 -6 -11 1000
G1 -7 -12 1000
G1 -8 -12 1000
G1 -9 -12 1000
G1 -10 -12 1000
G1 -10 -13 1000
G1 -11 -13 1000
G1 -12 -13 1000
G1 -12 -12 1000
G1 -26 -24 1000
G1 -11 -7 1000
G1 -40 -40 1000
G1 -24 -32 1000
G1 -12 -24 1000
G1 -1 -4 1000
G1 -4 -12 1000
G1 0 -11 1000
G1 4 -8 1000
G1 1 -1 1000
G1 6 -3 1000
G1 12 0 1000
G1 12 3 1000
G1 4 2 1000
G1 15 6 1000
G1 10 6 1000
G1 6 3 1000
G1 24 16 1000
G1 42 35 1000
G1 24 24 1000
G1 15 18 1000
G1 5 5 1000
G1 16 20 1000
G1 6 10 1000
G1 3 4 1000
G1 6 12 1000
G1 1 4 1000
G1 2 6 1000
G1 0 9 1000
G1 -4 8 1000
G1 -10 5 1000
G1 -15 0 1000
G1 -3 -1 1000
G1 -20 -5 1000
G1 -24 -12 1000
G1 -8 -6 1000
G1 -25 -15 1000
G1 -12 -9 1000
G1 -8 -8 1000
G1 1 -2 1000
G1 39 36 1000
G1 12 12 1000
G1 22 26 1000
G1 10 12 1000
G1 18 24 1000
G1 8 12 1000
G1 7 12 1000
G1 6 11 1000
G1 5 11 1000
G1 4 11 1000
G1 3 10 1000
G1 2 10 1000
G1 2 9 1000
G1 1 9 1000
G1 0 9 1000
G1 -2 16 1000
G1 -2 7 1000
G1 -3 7 1000
G1 -3 6 1000
G1 -8 12 1000
G1 -10 10 1000
G1 -6 5 1000
G1 -6 4 1000
G1 -14 8 1000
G1 -7 3 1000
G1 -16 6 1000
G1 -6 2 1000
G1 8 -2 1000
G1 8 -3 1000
G1 14 -6 1000
G1 14 -8 1000
G1 6 -4 1000
G1 6 -5 1000
G1 10 -10 1000
G1 8 -12 1000
G1 6 -14 1000
G1 2 -7 1000
G1 1 -8 1000
G1 0 -17 1000
G1 -1 -9 1000
G1 -2 -10 1000
G1 -6 -8 1000
G1 -2 -6 1000
G1 0 -15 1000
G1 5 -10 1000
G1 1 -1 1000
G1 8 -4 1000
G1 13 0 1000
G1 9 3 1000
G1 8 2 1000
G1 20 10 1000
G1 28 21 1000
G1 32 32 1000
G1 18 24 1000
G1 6 12 1000
G1 2 3 1000
G1 5 15 1000
G1 0 10 1000
G1 -5 10 1000
G1 -1 1 1000
G1 -10 5 1000
G1 -20 0 1000
G1 -21 -7 1000
G1 -6 -4 1000
G1 -16 -8 1000
G1 -12 -8 1000
G1 -39 -39 1000
G1 -16 -24 1000
G1 -5 -15 1000
G1 5 2 1000
G1 2 10 1000
G1 2 9 1000
G1 1 9 1000
G1 0 8 1000
G1 -2 16 1000
G1 -2 7 1000
G1 -3 7 1000
G1 -3 6 1000
G1 -8 12 1000
G1 -10 10 1000
G1 -6 5 1000
G1 -6 4 1000
G1 -7 4 1000
G1 -14 6 1000
G1 -16 6 1000
G1 -5 1 1000
G1 -16 4 1000
G1 -36 4 1000
G1 -27 0 1000
G1 -36 -4 1000
G1 -27 -6 1000
G1 -36 -12 1000
G1 -24 -12 1000
G1 -24 -15 1000
G1 -7 -5 1000
G1 -21 -18 1000
G1 -6 -6 1000
G1 -24 -28 1000
G1 -15 -24 1000
G1 -12 -24 1000
G1 -4 -9 1000
G1 -12 -36 1000
G1 -6 -27 1000
G1 -4 -36 1000
G1 0 -27 1000
G1 1 -9 1000
G1 2 -16 1000
G1 6 -24 1000
G1 9 -21 1000
G1 8 -12 1000
G1 5 -6 1000
G1 5 -5 1000
G1 6 -5 1000
G1 6 -4 1000
G1 6 -3 1000
G1 7 -3 1000
G1 7 -2 1000
G1 8 -2 1000
G1 9 -1 1000
G1 9 0 1000
G1 20 2 1000
G1 11 2 1000
G1 11 3 1000
G1 12 4 1000
G1 12 5 1000
G1 12 6 1000
G1 13 6 1000
G1 13 7 1000
G1 13 8 1000
G1 28 18 1000
G1 14 10 1000
G1 28 22 1000
G1 39 36 1000
G1 12 12 1000
G1 12 13 1000
G1 11 13 1000
G1 10 13 1000
G1 10 12 1000
G1 9 12 1000
G1 8 12 1000
G1 7 12 1000
G1 6 11 1000
G1 5 11 1000
G1 4 11 1000
G1 4 10 1000
G1 3 10 1000
G1 2 10 1000
G1 1 9 1000
G1 0 17 1000
G1 -1 8 1000
G1 -2 7 1000
G1 -6 14 1000
G1 -8 12 1000
G1 -10 10 1000
G1 -6 5 1000
G1 -6 4 1000
G1 -14 8 1000
G1 -14 6 1000
G1 -8 3 1000
G1 -8 2 1000
G1 -2 -4 1000
G1 18 -4 1000
G1 19 -2 1000
G1 20 0 1000
G1 21 1 1000
G1 22 3 1000
G1 22 5 1000
G1 23 7 1000
G1 24 10 1000
G1 25 12 1000
G1 25 14 1000
G1 25 16 1000
G1 25 17 1000
G1 25 19 1000
G1 25 20 1000
G1 24 21 1000
G1 23 22 1000
G1 21 23 1000
G1 20 23 1000
G1 18 23 1000
G1 -3 3 1000
G1 -6 -8 1000
G1 -14 -28 1000
G1 -3 -12 1000
G1 -3 -9 1000
G1 0 -15 1000
G1 1 -3 1000
G1 4 -8 1000
G1 4 -4 1000
G1 6 -3 1000
G1 3 -1 1000
G1 16 0 1000
G1 16 4 1000
G1 4 2 1000
G1 15 6 1000
G1 25 15 1000
G1 35 28 1000
G1 10 10 1000
G1 20 25 1000
G1 3 5 1000
G1 9 12 1000
G1 8 16 1000
G1 2 8 1000
G1 2 6 1000
G1 0 12 1000
G1 -4 8 1000
G1 -4 4 1000
G1 -6 3 1000
G1 -9 3 1000
G1 -15 0 1000
G1 -28 -7 1000
G1 -32 -16 1000
G1 -36 -27 1000
G1 -9 -9 1000
G1 -15 -20 1000
G1 4 -1 1000
G1 -18 -23 1000
G1 -20 -23 1000
G1 -21 -23 1000
G1 -23 -22 1000
G1 -24 -21 1000
G1 -25 -20 1000
G1 -25 -19 1000
G1 -25 -17 1000
G1 -25 -16 1000
G1 -25 -14 1000
G1 -25 -12 1000
G1 -24 -10 1000
G1 -23 -8 1000
G1 -22 -6 1000
G1 -22 -4 1000
G1 -21 -2 1000
G1 -20 0 1000
G1 -19 2 1000
G1 -18 4 1000
G1 -17 6 1000
G1 -17 7 1000
G1 -16 9 1000
G1 -15 10 1000
G1 -15 11 1000
G1 -14 13 1000
G1 -14 14 1000
G1 -14 15 1000
G1 -14 16 1000
G1 -14 18 1000
G1 -14 19 1000
G1 -14 20 1000
G1 -14 22 1000
G1 -15 23 1000
G1 4 1 1000
G1 6 -10 1000
G1 8 -20 1000
G1 1 -5 1000
G1 3 -12 1000
G1 0 -16 1000
G1 -4 -16 1000
G1 -1 -3 1000
G1 -10 -15 1000
G1 -15 -10 1000
G1 -6 -2 1000
G1 -8 -2 1000
G1 -16 0 1000
G1 -16 4 1000
G1 -8 4 1000
G1 -2 5 1000
G1 -3 2 1000
G1 -21 7 1000
G1 -18 0 1000
G1 -6 -2 1000
G1 -8 -4 1000
G1 -8 -8 1000
G1 -3 -6 1000
G1 -4 -12 1000
G1 0 -21 1000
G1 8 -24 1000
G1 22 -33 1000
G1 21 -14 1000
G1 18 -6 1000
G1 18 0 1000
G1 18 6 1000
G1 18 18 1000
G1 6 18 1000
G1 0 18 1000
G1 -7 21 1000
G1 -14 21 1000
G1 -6 6 1000
G1 -27 18 1000
G1 0 -4 1000
G1 8 -4 1000
G1 16 -4 1000
G1 16 0 1000
G1 12 3 1000
G1 6 2 1000
G1 12 8 1000
G1 3 3 1000
G1 10 15 1000
G1 1 3 1000
G1 3 12 1000
G1 0 16 1000
G1 -3 12 1000
G1 -2 10 1000
G1 -8 20 1000
G1 -3 5 1000
G1 -1 2 1000
G1 6 -10 1000
G1 8 -20 1000
G1 1 -5 1000
G1 3 -12 1000
G1 0 -16 1000
G1 -4 -16 1000
G1 -1 -3 1000
G1 -10 -15 1000
G1 -15 -10 1000
G1 -6 -2 1000
G1 -8 -2 1000
G1 -16 0 1000
G1 -16 4 1000
G1 -16 8 1000
G1 -16 12 1000
G1 -20 20 1000
G1 -20 25 1000
G1 -12 18 1000
G1 -2 4 1000
G1 -12 16 1000
G1 -4 4 1000
G1 -16 20 1000
G1 -25 25 1000
G1 -6 5 1000
G1 -18 18 1000
G1 -14 12 1000
G1 -16 14 1000
G1 -9 8 1000
G1 -11 10 1000
G1 -36 41 1000
G1 -28 -25 1000
G1 24 -64 1000
G1 7 -11 1000
G1 7 -9 1000
G1 6 -9 1000
G1 6 -8 1000
G1 5 -8 1000
G1 15 -21 1000
G1 10 -12 1000
G1 8 -12 1000
G1 20 -25 1000
G1 16 -16 1000
G1 20 -15 1000
G1 12 -6 1000
G1 6 -4 1000
G1 15 -5 1000
G1 14 0 1000
G1 12 6 1000
G1 2 2 1000
G1 5 10 1000
G1 1 3 1000
G1 0 15 1000
G1 -3 9 1000
G1 -3 12 1000
G1 -10 20 1000
G1 -1 0 1000
G1 16 -24 1000
G1 20 -25 1000
G1 16 -16 1000
G1 16 -12 1000
G1 16 -8 1000
G1 16 -4 1000
G1 16 0 1000
G1 12 3 1000
G1 6 2 1000
G1 15 10 1000
G1 10 15 1000
G1 1 3 1000
G1 3 12 1000
G1 0 20 1000
G1 -3 12 1000
G1 -1 5 1000
G1 -8 20 1000
G1 -3 5 1000
G1 -2 3 1000
G1 -6 10 1000
G1 -20 25 1000
G1 -30 30 1000
G1 -6 5 1000
G1 -72 48 1000
G1 -30 15 1000
G1 -6 2 1000
G1 -5 2 1000
G1 -10 2 1000
G1 -8 0 1000
G1 -6 -2 1000
G1 -2 -2 1000
G1 -2 -3 1000
G1 -1 -3 1000
G1 0 -9 1000
G1 2 -10 1000
G1 1 -6 1000
G1 4 -12 1000
G1 6 -21 1000
G1 27 -63 1000
G1 4 -7 1000
G1 28 -42 1000
G1 20 -25 1000
G1 20 -20 1000
G1 16 -12 1000
G1 16 -8 1000
G1 16 -4 1000
G1 16 0 1000
G1 8 2 1000
G1 6 2 1000
G1 15 10 1000
G1 10 15 1000
G1 1 3 1000
G1 4 16 1000
G1 0 16 1000
G1 -3 12 1000
G1 -1 5 1000
G1 -8 20 1000
G1 -6 10 1000
G1 -4 -1 1000
G1 15 -23 1000
G1 14 -22 1000
G1 14 -20 1000
G1 14 -19 1000
G1 14 -18 1000
G1 14 -16 1000
G1 14 -15 1000
G1 14 -14 1000
G1 15 -13 1000
G1 15 -11 1000
G1 15 -10 1000
G1 16 -9 1000
G1 17 -7 1000
G1 17 -6 1000
G1 18 -4 1000
G1 19 -2 1000
G1 20 0 1000
G1 21 2 1000
G1 22 4 1000
G1 22 6 1000
G1 23 8 1000
G1 24 10 1000
G1 25 12 1000
G1 25 14 1000
G1 25 16 1000
G1 25 17 1000
G1 25 19 1000
G1 25 20 1000
G1 24 21 1000
G1 23 22 1000
G1 21 23 1000
G1 20 23 1000
G1 18 23 1000
G1 16 23 1000
G1 14 23 1000
G1 12 23 1000
G1 10 22 1000
G1 8 22 1000
G1 5 21 1000
G1 3 20 1000
G1 1 20 1000
G1 0 19 1000
G1 -2 18 1000
G1 -4 18 1000
G1 -5 17 1000
G1 -7 17 1000
G1 -8 17 1000
G1 -10 16 1000
G1 -11 16 1000
G1 -12 16 1000
G1 -14 16 1000
G1 -15 16 1000
G1 -16 16 1000
G1 -17 16 1000
G1 -19 16 1000
G1 -20 17 1000
G1 -22 18 1000
G1 -4 -1 1000
G1 12 -10 1000
G1 12 -9 1000
G1 12 -8 1000
G1 12 -7 1000
G1 12 -6 1000
G1 12 -5 1000
G1 12 -4 1000
G1 11 -3 1000
G1 11 -2 1000
G1 22 -2 1000
G1 11 0 1000
G1 11 1 1000
G1 11 2 1000
G1 11 3 1000
G1 10 3 1000
G1 10 4 1000
G1 10 5 1000
G1 9 5 1000
G1 9 6 1000
G1 9 7 1000
G1 8 7 1000
G1 8 8 1000
G1 7 8 1000
G1 7 9 1000
G1 6 9 1000
G1 10 20 1000
G1 4 10 1000
G1 3 10 1000
G1 3 11 1000
G1 2 11 1000
G1 1 11 1000
G1 0 11 1000
G1 -1 12 1000
G1 -4 24 1000
G1 -3 12 1000
G1 -4 12 1000
G1 -5 13 1000
G1 -6 13 1000
G1 -7 13 1000
G1 -8 14 1000
G1 -9 14 1000
G1 -10 15 1000
G1 -11 15 1000
G1 -13 16 1000
G1 -14 17 1000
G1 -16 19 1000
G1 -19 21 1000
G1 -11 12 1000
G1 10 -11 1000
G1 9 -10 1000
G1 17 -17 1000
G1 16 -14 1000
G1 7 -6 1000
G1 14 -10 1000
G1 14 -8 1000
G1 6 -4 1000
G1 12 -6 1000
G1 12 -4 1000
G1 6 -1 1000
G1 10 -2 1000
G1 10 0 1000
G1 5 1 1000
G1 8 2 1000
G1 12 6 1000
G1 12 12 1000
G1 6 12 1000
G1 -2 6 1000
G1 -12 -51 1000
G1 -9 -54 1000
G1 -10 -90 1000
G1 -2 -38 1000
G1 -2 -36 1000
G1 0 -72 1000
G1 2 -36 1000
G1 1 -17 1000
G1 6 -51 1000
G1 6 -32 1000
G1 8 -30 1000
G1 10 -28 1000
G1 6 -13 1000
G1 7 -12 1000
G1 8 -11 1000
G1 9 -10 1000
G1 10 -9 1000
G1 11 -8 1000
G1 13 -6 1000
G1 14 -4 1000
G1 16 -2 1000
G1 18 0 1000
G1 21 3 1000
G1 23 6 1000
G1 26 9 1000
G1 30 13 1000
G1 33 17 1000
G1 37 22 1000
G1 41 26 1000
G1 44 31 1000
G1 48 36 1000
G1 50 40 1000
G1 51 43 1000
G1 2 5 1000
G1 56 49 1000
G1 64 48 1000
G1 32 20 1000
G1 14 10 1000
G1 28 16 1000
G1 24 12 1000
G1 15 6 1000
G1 12 3 1000
G1 6 0 1000
G1 4 -2 1000
G1 1 -2 1000
G1 0 -5 1000
G1 -1 -4 1000
G1 -2 -4 1000
G1 -3 -5 1000
G1 -8 -12 1000
G1 -5 -7 1000
G1 -6 -8 1000
G1 -28 -24 1000
G1 -21 -24 1000
G1 -12 -16 1000
G1 -6 -7 1000
G1 -10 -14 1000
G1 -8 -12 1000
G1 -6 -10 1000
G1 -2 -4 1000
G1 -1 -4 1000
G1 -1 -3 1000
G1 0 -2 1000
G1 1 -1 1000
G1 3 0 1000
G1 4 1 1000
G1 6 3 1000
G1 7 4 1000
G1 9 6 1000
G1 11 8 1000
G1 13 10 1000
G1 16 12 1000
G1 19 15 1000
G1 22 18 1000
G1 26 21 1000
G1 29 25 1000
G1 33 28 1000
G1 37 32 1000
G1 40 35 1000
G1 43 37 1000
G1 44 39 1000
G1 90 80 1000
G1 43 39 1000
G1 40 37 1000
G1 37 34 1000
G1 33 31 1000
G1 30 28 1000
G1 26 24 1000
G1 22 21 1000
G1 18 18 1000
G1 15 16 1000
G1 12 13 1000
G1 10 11 1000
G1 8 9 1000
G1 6 7 1000
G1 4 6 1000
G1 2 4 1000
G1 1 3 1000
G1 0 2 1000
G1 -2 1 1000
G1 -2 0 1000
G1 -3 -1 1000
G1 -4 -1 1000
G1 -5 -2 1000
G1 -5 -3 1000
G1 -6 -3 1000
G1 -21 -12 1000
G1 -24 -15 1000
G1 -36 -24 1000
G1 -50 -35 1000
G1 -30 -24 1000
G1 -66 -48 1000
G1 -154 -126 1000
G1 -66 -60 1000
G1 -120 -120 1000
G1 -27 -30 1000
G1 -36 -36 1000
G1 -40 -45 1000
G1 22 17 1000
G1 7 9 1000
G1 6 8 1000
G1 5 7 1000
G1 4 6 1000
G1 3 6 1000
G1 3 5 1000
G1 2 4 1000
G1 1 3 1000
G1 0 5 1000
G1 -1 2 1000
G1 -4 2 1000
G1 -6 0 1000
G1 -12 -3 1000
G1 -15 -6 1000
G1 -18 -9 1000
G1 -6 -4 1000
G1 -28 -16 1000
G1 -14 -10 1000
G1 -32 -20 1000
G1 -64 -48 1000
G1 -48 -42 1000
G1 -7 -6 1000
G1 -72 -63 1000
G1 -56 -56 1000
G1 -36 -42 1000
G1 -10 -14 1000
G1 -10 -12 1000
G1 -16 -24 1000
G1 -9 -15 1000
G1 -4 -8 1000
G1 -1 -4 1000
G1 -1 -3 1000
G1 0 -6 1000
G1 2 -4 1000
G1 2 -1 1000
G1 5 0 1000
G1 4 1 1000
G1 10 4 1000
G1 6 3 1000
G1 7 4 1000
G1 8 5 1000
G1 9 6 1000
G1 10 7 1000
G1 11 8 1000
G1 12 9 1000
G1 13 10 1000
G1 14 11 1000
G1 15 12 1000
G1 32 26 1000
G1 17 14 1000
G1 18 15 1000
G1 18 16 1000
G1 38 32 1000
G1 19 17 1000
G1 18 17 1000
G1 18 16 1000
G1 34 32 1000
G1 16 15 1000
G1 65 65 1000
G1 10 11 1000
G1 9 10 1000
G1 7 9 1000
G1 6 8 1000
G1 5 7 1000
G1 8 12 1000
G1 3 5 1000
G1 2 4 1000
G1 1 4 1000
G1 0 5 1000
G1 -1 2 1000
G1 -4 2 1000
G1 -6 0 1000
G1 -12 -3 1000
G1 -15 -6 1000
G1 -24 -12 1000
G1 -28 -16 1000
G1 -14 -10 1000
G1 -32 -20 1000
G1 -64 -48 1000
G1 -56 -49 1000
G1 1 -3 1000
G1 -51 -43 1000
G1 -50 -40 1000
G1 -48 -36 1000
G1 -45 -32 1000
G1 -41 -27 1000
G1 -37 -22 1000
G1 -33 -17 1000
G1 -30 -13 1000
G1 -26 -9 1000
G1 -23 -6 1000
G1 -21 -3 1000
G1 -18 0 1000
G1 -16 2 1000
G1 -14 4 1000
G1 -13 6 1000
G1 -11 8 1000
G1 -10 9 1000
G1 -9 10 1000
G1 -8 11 1000
G1 -7 12 1000
G1 -6 13 1000
G1 -10 28 1000
G1 -8 30 1000
G1 -6 32 1000
G1 -6 51 1000
G1 -1 17 1000
G1 -2 36 1000
G1 0 72 1000
G1 2 36 1000
G1 2 38 1000
G1 10 90 1000
G1 9 54 1000
G1 12 51 1000
G1 0 1 1000
G1 10 32 1000
G1 6 16 1000
G1 6 15 1000
G1 7 15 1000
G1 7 14 1000
G1 16 26 1000
G1 9 12 1000
G1 20 22 1000
G1 11 10 1000
G1 12 9 1000
G1 12 8 1000
G1 13 8 1000
G1 14 7 1000
G1 14 6 1000
G1 30 10 1000
G1 32 8 1000
G1 16 3 1000
G1 17 3 1000
G1 34 4 1000
G1 18 2 1000
G1 54 3 1000
G1 54 0 1000
G1 90 -5 1000
G1 72 -8 1000
G1 36 -6 1000
G1 34 -6 1000
G1 17 -4 1000
G1 2 -3 1000
G1 14 -2 1000
G1 14 0 1000
G1 16 2 1000
G1 16 4 1000
G1 24 9 1000
G1 16 8 1000
G1 16 10 1000
G1 24 18 1000
G1 21 21 1000
G1 12 14 1000
G1 6 8 1000
G1 10 16 1000
G1 12 24 1000
G1 6 16 1000
G1 4 16 1000
G1 2 14 1000
G1 0 14 1000
G1 -2 14 1000
G1 -2 7 1000
G1 -2 6 1000
G1 -6 12 1000
G1 -8 12 1000
G1 -4 5 1000
G1 -15 15 1000
G1 -30 20 1000
G1 -28 12 1000
G1 -28 8 1000
G1 -8 2 1000
G1 -24 3 1000
G1 -29 0 1000
G1 -21 -3 1000
G1 -14 -4 1000
G1 -12 -4 1000
G1 -18 -9 1000
G1 -15 -12 1000
G1 -5 -5 1000
G1 -12 -15 1000
G1 -12 -24 1000
G1 -8 -28 1000
G1 -3 -21 1000
G1 0 -32 1000
G1 4 -32 1000
G1 2 -8 1000
G1 8 -28 1000
G1 9 -21 1000
G1 3 -6 1000
G1 12 -18 1000
G1 4 -5 1000
G1 10 -10 1000
G1 10 -8 1000
G1 6 -4 1000
G1 12 -6 1000
G1 6 -2 1000
G1 7 -2 1000
G1 1 3 1000
G1 -17 4 1000
G1 -34 6 1000
G1 -36 6 1000
G1 -72 8 1000
G1 -90 5 1000
G1 -54 0 1000
G1 -72 -4 1000
G1 -34 -4 1000
G1 -17 -3 1000
G1 -16 -3 1000
G1 -32 -8 1000
G1 -30 -10 1000
G1 -14 -6 1000
G1 -14 -7 1000
G1 -13 -7 1000
G1 -12 -8 1000
G1 -12 -9 1000
G1 -11 -10 1000
G1 -10 -10 1000
G1 -10 -11 1000
G1 -9 -12 1000
G1 -16 -26 1000
G1 -7 -14 1000
G1 -7 -15 1000
G1 -6 -15 1000
G1 -6 -16 1000
G1 -10 -32 1000
G1 -1 -3 1000
G1 10 32 1000
G1 6 16 1000
G1 6 15 1000
G1 7 15 1000
G1 7 14 1000
G1 16 26 1000
G1 9 12 1000
G1 20 22 1000
G1 11 10 1000
G1 12 9 1000
G1 12 8 1000
G1 13 8 1000
G1 14 7 1000
G1 14 6 1000
G1 30 10 1000
G1 32 8 1000
G1 16 3 1000
G1 17 3 1000
G1 34 4 1000
G1 18 2 1000
G1 54 3 1000
G1 54 0 1000
G1 18 -1 1000
G1 19 -5 1000
G1 12 0 1000
G1 8 2 1000
G1 9 3 1000
G1 18 12 1000
G1 12 18 1000
G1 2 6 1000
G1 3 12 1000
G1 0 16 1000
G1 -5 20 1000
G1 -10 20 1000
G1 -15 20 1000
G1 -6 6 1000
G1 -12 9 1000
G1 -4 2 1000
G1 12 -9 1000
G1 16 -8 1000
G1 16 -4 1000
G1 16 0 1000
G1 12 3 1000
G1 3 1 1000
G1 15 10 1000
G1 3 3 1000
G1 10 15 1000
G1 4 16 1000
G1 0 16 1000
G1 -4 16 1000
G1 -10 25 1000
G1 -12 20 1000
G1 -20 25 1000
G1 -15 15 1000
G1 -15 12 1000
G1 -3 0 1000
G1 16 -12 1000
G1 8 -5 1000
G1 14 -8 1000
G1 14 -6 1000
G1 14 -4 1000
G1 12 -2 1000
G1 18 0 1000
G1 6 1 1000
G1 5 1 1000
G1 15 6 1000
G1 8 6 1000
G1 4 4 1000
G1 9 12 1000
G1 6 15 1000
G1 2 12 1000
G1 0 19 1000
G1 -2 14 1000
G1 -4 14 1000
G1 -6 16 1000
G1 -8 16 1000
G1 -10 18 1000
G1 -6 10 1000
G1 -7 10 1000
G1 -6 3 1000
G1 8 -11 1000
G1 7 -10 1000
G1 14 -18 1000
G1 21 -24 1000
G1 14 -14 1000
G1 14 -12 1000
G1 21 -15 1000
G1 14 -8 1000
G1 14 -6 1000
G1 7 -2 1000
G1 12 -4 1000
G1 12 -2 1000
G1 12 0 1000
G1 18 3 1000
G1 6 2 1000
G1 10 4 1000
G1 15 9 1000
G1 12 12 1000
G1 4 5 1000
G1 9 15 1000
G1 2 5 1000
G1 4 12 1000
G1 2 12 1000
G1 0 19 1000
G1 -2 14 1000
G1 -6 21 1000
G1 -6 14 1000
G1 -8 14 1000
G1 -10 14 1000
G1 -5 8 1000
G1 -12 16 1000
G1 -14 16 1000
G1 -16 16 1000
G1 -8 9 1000
G1 -9 9 1000
G1 -20 18 1000
G1 -11 10 1000
G1 -12 11 1000
G1 -13 11 1000
G1 -14 13 1000
G1 -16 15 1000
G1 -20 19 1000
G1 -32 32 1000
G1 -18 20 1000
G1 -29 -24 1000
G1 -28 -25 1000
G1 -27 -26 1000
G1 -28 -25 1000
G1 15 -36 1000
G1 24 -31 1000
G1 15 -21 1000
G1 12 -18 1000
G1 11 -15 1000
G1 10 -14 1000
G1 9 -13 1000
G1 8 -12 1000
G1 8 -11 1000
G1 4 0 1000
G1 7 -10 1000
G1 6 -10 1000
G1 6 -9 1000
G1 5 -9 1000
G1 4 -9 1000
G1 4 -8 1000
G1 6 -16 1000
G1 2 -8 1000
G1 2 -7 1000
G1 3 -21 1000
G1 0 -12 1000
G1 -2 -12 1000
G1 -6 -15 1000
G1 -3 -5 1000
G1 -6 -8 1000
G1 -4 -4 1000
G1 -12 -9 1000
G1 -10 -4 1000
G1 -10 -2 1000
G1 -6 -1 1000
G1 -12 0 1000
G1 -12 2 1000
G1 -14 4 1000
G1 -14 6 1000
G1 -14 8 1000
G1 -16 10 1000
G1 -8 6 1000
G1 -3 2 1000
G1 16 -12 1000
G1 8 -5 1000
G1 14 -8 1000
G1 14 -6 1000
G1 14 -4 1000
G1 12 -2 1000
G1 18 0 1000
G1 6 1 1000
G1 5 1 1000
G1 15 6 1000
G1 8 6 1000
G1 4 4 1000
G1 9 12 1000
G1 6 15 1000
G1 2 12 1000
G1 0 19 1000
G1 -2 14 1000
G1 -4 14 1000
G1 -6 16 1000
G1 -8 16 1000
G1 -10 18 1000
G1 -6 10 1000
G1 -7 10 1000
G1 -8 10 1000
G1 -8 11 1000
G1 -9 12 1000
G1 -11 13 1000
G1 -12 14 1000
G1 -14 17 1000
G1 -18 21 1000
G1 -29 33 1000
G1 -25 29 1000
G1 -29 -24 1000
G1 -56 -50 1000
G1 -27 -26 1000
G1 -24 -20 1000
G1 47 -54 1000
G1 20 -23 1000
G1 15 -18 1000
G1 13 -15 1000
G1 12 -13 1000
G1 21 -21 1000
G1 10 -9 1000
G1 18 -16 1000
G1 8 -7 1000
G1 0 3 1000
G1 20 -16 1000
G1 15 -15 1000
G1 20 -25 1000
G1 12 -20 1000
G1 8 -20 1000
G1 1 -5 1000
G1 3 -12 1000
G1 0 -16 1000
G1 -4 -16 1000
G1 -1 -3 1000
G1 -10 -15 1000
G1 -15 -10 1000
G1 -6 -2 1000
G1 -12 -3 1000
G1 -16 0 1000
G1 -16 4 1000
G1 -16 8 1000
G1 -8 6 1000
G1 -3 2 1000
G1 -4 3 1000
G1 -20 20 1000
G1 -20 25 1000
G1 -24 36 1000
G1 -3 6 1000
G1 4 0 1000
G1 -2 4 1000
G1 -12 20 1000
G1 -16 20 1000
G1 -15 18 1000
G1 -6 6 1000
G1 -6 7 1000
G1 -7 7 1000
G1 -7 8 1000
G1 -17 17 1000
G1 -10 11 1000
G1 -13 14 1000
G1 -33 38 1000
G1 -27 -26 1000
G1 -29 -24 1000
G1 37 -46 1000
G1 11 -13 1000
G1 9 -11 1000
G1 8 -10 1000
G1 7 -9 1000
G1 6 -8 1000
G1 12 -14 1000
G1 15 -18 1000
G1 15 -15 1000
G1 5 -4 1000
G1 12 -12 1000
G1 16 -12 1000
G1 16 -8 1000
G1 12 -4 1000
G1 14 0 1000
G1 10 5 1000
G1 2 2 1000
G1 5 10 1000
G1 1 3 1000
G1 0 15 1000
G1 -1 3 1000
G1 -4 16 1000
G1 -6 12 1000
G1 -5 2 1000
G1 6 -12 1000
G1 20 -30 1000
G1 20 -25 1000
G1 20 -20 1000
G1 4 -3 1000
G1 1 -1 1000
G1 12 -9 1000
G1 16 -8 1000
G1 16 -4 1000
G1 16 0 1000
G1 12 3 1000
G1 3 1 1000
G1 15 10 1000
G1 3 3 1000
G1 10 15 1000
G1 4 16 1000
G1 0 16 1000
G1 -4 16 1000
G1 -10 25 1000
G1 -12 20 1000
G1 -20 25 1000
G1 -15 15 1000
G1 -15 12 1000
G1 -60 40 1000
G1 -30 15 1000
G1 -12 4 1000
G1 -10 4 1000
G1 -10 2 1000
G1 -8 0 1000
G1 -6 -2 1000
G1 -2 -2 1000
G1 -2 -3 1000
G1 -1 -3 1000
G1 -1 -4 1000
G1 0 -14 1000
G1 1 -5 1000
G1 2 -12 1000
G1 8 -24 1000
G1 2 -7 1000
G1 18 -42 1000
G1 9 -18 1000
G1 24 -36 1000
G1 20 -25 1000
G1 20 -20 1000
G1 4 -3 1000
G1 0 1 1000
G1 -16 12 1000
G1 -28 14 1000
G1 -20 5 1000
G1 -19 0 1000
G1 -12 -4 1000
G1 -3 -2 1000
G1 -6 -6 1000
G1 -2 -3 1000
G1 -4 -12 1000
G1 -1 -4 1000
G1 0 -20 1000
G1 2 -8 1000
G1 4 -20 1000
G1 12 -30 1000
G1 4 -8 1000
G1 21 -28 1000
G1 15 -15 1000
G1 4 -3 1000
G1 20 -10 1000
G1 16 -4 1000
G1 8 0 1000
G1 0 4 1000
G1 -36 2 1000
G1 -54 0 1000
G1 -54 -3 1000
G1 -18 -2 1000
G1 -34 -4 1000
G1 -17 -3 1000
G1 -16 -3 1000
G1 -32 -8 1000
G1 -15 -5 1000
G1 -15 -6 1000
G1 30 10 1000
G1 17 1 1000
G1 6 2 1000
G1 6 4 1000
G1 4 4 1000
G1 6 9 1000
G1 1 3 1000
G1 2 8 1000
G1 0 17 1000
G1 -3 15 1000
G1 -2 5 1000
G1 -4 12 1000
G1 -9 18 1000
G1 -4 7 1000
G1 -4 5 1000
G1 4 -6 1000
G1 28 -35 1000
G1 20 -20 1000
G1 20 -15 1000
G1 20 -10 1000
G1 12 -3 1000
G1 3 -1 1000
G1 15 0 1000
G1 12 4 1000
G1 2 1 1000
G1 12 12 1000
G1 5 15 1000
G1 0 16 1000
G1 -5 20 1000
G1 -10 20 1000
G1 -15 20 1000
G1 -24 24 1000
G1 -40 32 1000
G1 -54 36 1000
G1 -24 12 1000
G1 -5 3 1000
G1 -10 4 1000
G1 -8 2 1000
G1 -7 0 1000
G1 -2 -1 1000
G1 -43 49 1000
G1 41 -51 1000
G1 -1 -2 1000
G1 0 -7 1000
G1 1 -4 1000
G1 2 -10 1000
G1 8 -24 1000
G1 36 -72 1000
G1 8 -12 1000
G1 2 0 1000
G1 8 -14 1000
G1 9 -18 1000
G1 2 -6 1000
G1 4 -10 1000
G1 3 -15 1000
G1 0 -13 1000
G1 -2 -8 1000
G1 -2 -6 1000
G1 -6 -9 1000
G1 -2 -2 1000
G1 -6 -4 1000
G1 -6 -2 1000
G1 -2 -1 1000
G1 6 2 1000
G1 6 4 1000
G1 4 4 1000
G1 6 9 1000
G1 1 3 1000
G1 2 8 1000
G1 0 17 1000
G1 -3 15 1000
G1 -2 5 1000
G1 -4 12 1000
G1 -9 18 1000
G1 -8 14 1000
G1 -10 14 1000
G1 -12 16 1000
G1 -7 9 1000
G1 -8 9 1000
G1 -9 10 1000
G1 -10 11 1000
G1 -11 13 1000
G1 -14 16 1000
G1 -20 22 1000
G1 -30 34 1000
G1 -28 -25 1000
G1 -27 -26 1000
G1 -29 -24 1000
G1 35 -53 1000
G1 15 -18 1000
G1 12 -14 1000
G1 10 -12 1000
G1 9 -10 1000
G1 17 -17 1000
G1 7 -8 1000
G1 7 -7 1000
G1 14 -12 1000
G1 12 -10 1000
G1 18 -12 1000
G1 10 -6 1000
G1 15 -6 1000
G1 10 -2 1000
G1 4 -1 1000
G1 16 0 1000
G1 4 1 1000
G1 -2 3 1000
G1 -16 -4 1000
G1 -15 -5 1000
G1 -15 -6 1000
G1 -14 -6 1000
G1 -13 -7 1000
G1 -13 -8 1000
G1 -12 -8 1000
G1 -12 -9 1000
G1 -11 -10 1000
G1 -20 -22 1000
G1 -9 -12 1000
G1 -16 -26 1000
G1 -7 -14 1000
G1 -7 -15 1000
G1 -6 -15 1000
G1 -6 -16 1000
G1 -10 -32 1000
G1 -12 -51 1000
G1 -9 -54 1000
G1 -10 -90 1000
G1 -2 -38 1000
G1 -2 -36 1000
G1 0 -72 1000
G1 2 -36 1000
G1 1 -17 1000
G1 6 -51 1000
G1 6 -32 1000
G1 8 -30 1000
G1 10 -28 1000
G1 6 -13 1000
G1 7 -12 1000
G1 8 -11 1000
G1 9 -10 1000
G1 10 -9 1000
G1 11 -8 1000
G1 13 -6 1000
G1 14 -4 1000
G1 16 -2 1000
G1 18 0 1000
G1 21 3 1000
G1 23 6 1000
G1 26 9 1000
G1 30 13 1000
G1 33 17 1000
G1 37 22 1000
G1 41 26 1000
G1 44 31 1000
G1 48 36 1000
G1 50 40 1000
G1 51 43 1000
G1 50 45 1000
G1 48 45 1000
G1 45 45 1000
G1 40 43 1000
G1 35 40 1000
G1 30 37 1000
G1 25 34 1000
G1 20 30 1000
G1 15 27 1000
G1 11 25 1000
G1 2 9 1000
G1 -2 -8 1000
G1 -2 -6 1000
G1 0 -9 1000
G1 3 -6 1000
G1 2 -2 1000
G1 4 -2 1000
G1 3 -1 1000
G1 10 0 1000
G1 8 2 1000
G1 15 6 1000
G1 12 6 1000
G1 21 12 1000
G1 7 5 1000
G1 8 5 1000
G1 24 18 1000
G1 16 14 1000
G1 27 21 1000
G1 40 40 1000
G1 7 8 1000
G1 14 14 1000
G1 18 21 1000
G1 5 7 1000
G1 5 6 1000
G1 8 12 1000
G1 9 15 1000
G1 2 5 1000
G1 2 4 1000
G1 2 8 1000
G1 0 9 1000
G1 -3 6 1000
G1 -6 3 1000
G1 -3 1 1000
G1 -13 0 1000
G1 -20 -5 1000
G1 -25 -10 1000
G1 -35 -21 1000
G1 -36 -24 1000
G1 -15 -12 1000
G1 -55 -55 1000
G1 -32 -40 1000
G1 -15 -25 1000
G1 -2 -5 1000
G1 -8 -16 1000
G1 1 1 1000
G1 -10 -24 1000
G1 -14 -26 1000
G1 -18 -29 1000
G1 -23 -32 1000
G1 -28 -36 1000
G1 -33 -39 1000
G1 -38 -42 1000
G1 -43 -44 1000
G1 -47 -45 1000
G1 -50 -45 1000
G1 -51 -44 1000
G1 -50 -41 1000
G1 -49 -38 1000
G1 -46 -33 1000
G1 -42 -28 1000
G1 -39 -24 1000
G1 -35 -19 1000
G1 -31 -14 1000
G1 -28 -10 1000
G1 -24 -7 1000
G1 -22 -4 1000
G1 -19 -1 1000
G1 -17 2 1000
G1 -15 4 1000
G1 -13 6 1000
G1 -12 7 1000
G1 -10 9 1000
G1 -9 10 1000
G1 -8 11 1000
G1 -7 12 1000
G1 -12 26 1000
G1 -5 14 1000
G1 -8 30 1000
G1 -6 32 1000
G1 -6 51 1000
G1 -1 17 1000
G1 -2 36 1000
G1 0 72 1000
G1 2 36 1000
G1 2 38 1000
G1 1 18 1000
G1 8 72 1000
G1 9 54 1000
G1 12 51 1000
G1 2 7 1000
G1 10 32 1000
G1 6 16 1000
G1 6 15 1000
G1 7 15 1000
G1 7 14 1000
G1 16 26 1000
G1 9 12 1000
G1 20 22 1000
G1 11 10 1000
G1 12 9 1000
G1 12 8 1000
G1 13 8 1000
G1 14 7 1000
G1 14 6 1000
G1 30 10 1000
G1 32 8 1000
G1 16 3 1000
G1 17 3 1000
G1 34 4 1000
G1 18 2 1000
G1 54 3 1000
G1 54 0 1000
G1 90 -5 1000
G1 72 -8 1000
G1 36 -6 1000
G1 34 -6 1000
G1 34 -8 1000
G1 16 -4 1000
G1 16 -5 1000
G1 30 -10 1000
G1 28 -12 1000
G1 13 -7 1000
G1 12 -8 1000
G1 0 -3 1000
G1 6 -3 1000
G1 6 -2 1000
G1 12 0 1000
G1 20 5 1000
G1 20 10 1000
G1 24 18 1000
G1 28 28 1000
G1 18 24 1000
G1 8 16 1000
G1 2 8 1000
G1 2 6 1000
G1 0 15 1000
G1 -1 3 1000
G1 -4 8 1000
G1 -4 4 1000
G1 -8 4 1000
G1 -9 3 1000
G1 -18 0 1000
G1 -3 -1 1000
G1 -24 -6 1000
G1 -36 -18 1000
G1 -36 -36 1000
G1 -10 -15 1000
G1 -4 -8 1000
G1 -2 -3 1000
G1 -6 -18 1000
G1 0 -18 1000
G1 2 -6 1000
G1 4 -8 1000
G1 6 -6 1000
G1 2 2 1000
G1 -12 8 1000
G1 -13 7 1000
G1 -14 7 1000
G1 -14 6 1000
G1 -15 6 1000
G1 -15 5 1000
G1 -16 5 1000
G1 -32 8 1000
G1 -17 4 1000
G1 -34 6 1000
G1 -36 6 1000
G1 -72 8 1000
G1 -90 5 1000
G1 -54 0 1000
G1 -72 -4 1000
G1 -34 -4 1000
G1 -17 -3 1000
G1 -16 -3 1000
G1 -32 -8 1000
G1 -30 -10 1000
G1 -14 -6 1000
G1 -14 -7 1000
G1 -13 -7 1000
G1 -12 -8 1000
G1 -12 -9 1000
G1 -11 -10 1000
G1 -10 -10 1000
G1 -10 -11 1000
G1 -9 -12 1000
G1 -16 -26 1000
G1 -7 -14 1000
G1 -7 -15 1000
G1 -6 -15 1000
G1 -6 -16 1000
G1 -10 -32 1000
G1 -1 -3 1000
G1 -12 -51 1000
G1 -9 -54 1000
G1 -10 -90 1000
G1 -2 -38 1000
G1 -2 -36 1000
G1 0 -72 1000
G1 2 -36 1000
G1 1 -17 1000
G1 4 -7 1000
G1 0 5 1000
G1 -7 14 1000
G1 -8 8 1000
G1 -14 7 1000
G1 -6 2 1000
G1 -24 0 1000
G1 -24 -8 1000
G1 -4 -2 1000
G1 -20 -20 1000
G1 -2 -4 1000
G1 -7 -21 1000
G1 0 -27 1000
G1 1 -3 1000
G1 7 -14 1000
G1 8 -8 1000
G1 14 -7 1000
G1 21 0 1000
G1 21 7 1000
G1 18 12 1000
G1 8 8 1000
G1 10 15 1000
G1 7 21 1000
G1 0 15 1000
G1 -4 -1 1000
G1 -1 17 1000
G1 -3 54 1000
G1 0 72 1000
G1 2 36 1000
G1 2 38 1000
G1 8 72 1000
G1 12 72 1000
G1 8 34 1000
G1 2 8 1000
G1 10 32 1000
G1 6 16 1000
G1 6 15 1000
G1 7 15 1000
G1 7 14 1000
G1 16 26 1000
G1 9 12 1000
G1 20 22 1000
G1 11 10 1000
G1 9 6 1000
G1 4 4 1000
G1 3 6 1000
G1 2 6 1000
G1 0 13 1000
G1 -4 16 1000
G1 -2 4 1000
G1 -6 15 1000
G1 -6 10 1000
G1 -3 6 1000
G1 -8 12 1000
G1 -5 6 1000
G1 -10 14 1000
G1 -6 7 1000
G1 -7 8 1000
G1 -7 9 1000
G1 -8 10 1000
G1 -10 11 1000
G1 -12 13 1000
G1 -43 49 1000
G1 -56 -50 1000
G1 27 -55 1000
G1 13 -15 1000
G1 10 -12 1000
G1 9 -10 1000
G1 8 -9 1000
G1 7 -8 1000
G1 19 -19 1000
G1 12 -10 1000
G1 5 -5 1000
G1 15 -12 1000
G1 5 -3 1000
G1 8 -6 1000
G1 12 -6 1000
G1 8 -2 1000
G1 6 -2 1000
G1 12 0 1000
G1 3 1 1000
G1 6 3 1000
G1 -1 1 1000
G1 -11 -9 1000
G1 -11 -10 1000
G1 -10 -11 1000
G1 -18 -24 1000
G1 -8 -13 1000
G1 -8 -14 1000
G1 -7 -14 1000
G1 -12 -30 1000
G1 -10 -32 1000
G1 -3 -12 1000
G1 -12 -51 1000
G1 -9 -54 1000
G1 -10 -90 1000
G1 -2 -38 1000
G1 -2 -36 1000
G1 0 -72 1000
G1 2 -36 1000
G1 1 -17 1000
G1 6 -51 1000
G1 6 -32 1000
G1 8 -30 1000
G1 10 -28 1000
G1 6 -13 1000
G1 7 -12 1000
G1 8 -11 1000
G1 9 -10 1000
G1 10 -9 1000
G1 11 -8 1000
G1 13 -6 1000
G1 14 -4 1000
G1 16 -2 1000
G1 18 0 1000
G1 21 3 1000
G1 23 6 1000
G1 26 9 1000
G1 30 13 1000
G1 33 17 1000
G1 37 22 1000
G1 41 26 1000
G1 44 31 1000
G1 48 36 1000
G1 50 40 1000
G1 51 43 1000
G1 50 45 1000
G1 48 45 1000
G1 45 45 1000
G1 40 43 1000
G1 35 40 1000
G1 30 37 1000
G1 25 34 1000
G1 20 30 1000
G1 15 27 1000
G1 11 25 1000
G1 8 22 1000
G1 5 20 1000
G1 2 18 1000
G1 -1 16 1000
G1 -3 15 1000
G1 -5 13 1000
G1 -7 12 1000
G1 -8 11 1000
G1 -9 10 1000
G1 -10 9 1000
G1 -11 8 1000
G1 -12 8 1000
G1 -13 7 1000
G1 -28 12 1000
G1 -30 10 1000
G1 -16 5 1000
G1 -16 4 1000
G1 -34 8 1000
G1 -34 6 1000
G1 -36 6 1000
G1 -72 8 1000
G1 -90 5 1000
G1 -54 0 1000
G1 -54 -3 1000
G1 -18 -2 1000
G1 -34 -4 1000
G1 -17 -3 1000
G1 -16 -3 1000
G1 -32 -8 1000
G1 -30 -10 1000
G1 -14 -6 1000
G1 -14 -7 1000
G1 -13 -8 1000
G1 -12 -8 1000
G1 -12 -9 1000
G1 -11 -10 1000
G1 -20 -22 1000
G1 -9 -12 1000
G1 -16 -26 1000
G1 -7 -14 1000
G1 -7 -15 1000
G1 -6 -15 1000
G1 -6 -16 1000
G1 -10 -32 1000
G1 3 -2 1000
G1 -1 -4 1000
G1 -6 -12 1000
G1 -9 -9 1000
G1 -3 -2 1000
G1 -8 -4 1000
G1 -8 -2 1000
G1 -5 -1 1000
G1 -15 0 1000
G1 -10 2 1000
G1 -6 1 1000
G1 -12 4 1000
G1 -12 6 1000
G1 -6 4 1000
G1 -7 4 1000
G1 -14 10 1000
G1 -14 12 1000
G1 -16 14 1000
G1 -17 17 1000
G1 -9 10 1000
G1 -8 9 1000
G1 10 -11 1000
G1 9 -10 1000
G1 17 -17 1000
G1 16 -14 1000
G1 7 -6 1000
G1 14 -10 1000
G1 14 -8 1000
G1 6 -4 1000
G1 12 -6 1000
G1 12 -4 1000
G1 6 -1 1000
G1 10 -2 1000
G1 10 0 1000
G1 5 1 1000
G1 8 2 1000
G1 12 6 1000
G1 12 12 1000
G1 6 12 1000
G1 1 4 1000
G1 2 10 1000
G1 0 16 1000
G1 -2 12 1000
G1 -4 12 1000
G1 -2 7 1000
G1 -6 14 1000
G1 -4 7 1000
G1 -4 8 1000
G1 -10 16 1000
G1 -6 8 1000
G1 -6 9 1000
G1 -7 9 1000
G1 -16 20 1000
G1 -9 11 1000
G1 -11 13 1000
G1 -13 14 1000
G1 -2 2 1000
G1 7 -8 1000
G1 7 -7 1000
G1 6 -7 1000
G1 22 -22 1000
G1 15 -12 1000
G1 5 -3 1000
G1 12 -9 1000
G1 12 -6 1000
G1 4 -1 1000
G1 9 -3 1000
G1 14 0 1000
G1 8 4 1000
G1 2 2 1000
G1 5 10 1000
G1 0 15 1000
G1 -4 16 1000
G1 -4 8 1000
G1 -4 10 1000
G1 -9 15 1000
G1 -12 18 1000
G1 -5 6 1000
G1 -5 7 1000
G1 -6 7 1000
G1 -6 8 1000
G1 -7 8 1000
G1 -8 9 1000
G1 -9 10 1000
G1 -11 12 1000
G1 -43 49 1000
G1 -28 -25 1000
G1 -28 -26 1000
G1 33 -50 1000
G1 11 -13 1000
G1 9 -11 1000
G1 8 -9 1000
G1 13 -15 1000
G1 11 -13 1000
G1 10 -11 1000
G1 9 -11 1000
G1 8 -10 1000
G1 7 -9 1000
G1 6 -9 1000
G1 6 -8 1000
G1 10 -16 1000
G1 4 -8 1000
G1 4 -7 1000
G1 6 -14 1000
G1 2 -7 1000
G1 4 -12 1000
G1 2 -12 1000
G1 0 -16 1000
G1 -2 -10 1000
G1 -1 -4 1000
G1 -6 -12 1000
G1 -12 -12 1000
G1 -12 -6 1000
G1 -8 -2 1000
G1 -5 -1 1000
G1 -10 0 1000
G1 -10 2 1000
G1 -6 1 1000
G1 -12 4 1000
G1 -18 9 1000
G1 -6 4 1000
G1 -7 4 1000
G1 -14 10 1000
G1 -7 6 1000
G1 -8 6 1000
G1 -8 7 1000
G1 -26 26 1000
G1 -10 11 1000
G1 -1 2 1000
G1 10 -11 1000
G1 9 -10 1000
G1 17 -17 1000
G1 16 -14 1000
G1 7 -6 1000
G1 14 -10 1000
G1 14 -8 1000
G1 6 -4 1000
G1 12 -6 1000
G1 12 -4 1000
G1 6 -1 1000
G1 10 -2 1000
G1 10 0 1000
G1 5 1 1000
G1 8 2 1000
G1 12 6 1000
G1 12 12 1000
G1 6 12 1000
G1 1 4 1000
G1 2 10 1000
G1 0 16 1000
G1 -2 12 1000
G1 -4 12 1000
G1 -2 7 1000
G1 -6 14 1000
G1 -4 7 1000
G1 -4 8 1000
G1 -10 16 1000
G1 -6 8 1000
G1 -6 9 1000
G1 -7 9 1000
G1 -16 20 1000
G1 -9 11 1000
G1 -11 13 1000
G1 -13 14 1000
G1 -15 17 1000
G1 -21 24 1000
G1 -34 39 1000
G1 -29 -24 1000
G1 -27 -26 1000
G1 -29 -25 1000
G1 -28 -25 1000
G1 57 -69 1000
G1 14 -17 1000
G1 12 -14 1000
G1 11 -12 1000
G1 21 -23 1000
G1 18 -20 1000
G1 15 -18 1000
G1 13 -17 1000
G1 12 -16 1000
G1 11 -15 1000
G1 9 -14 1000
G1 8 -14 1000
G1 7 -13 1000
G1 6 -13 1000
G1 10 -26 1000
G1 4 -12 1000
G1 3 -12 1000
G1 2 -12 1000
G1 1 -12 1000
G1 0 -12 1000
G1 -2 -22 1000
G1 -2 -11 1000
G1 -3 -11 1000
G1 -8 -20 1000
G1 -5 -10 1000
G1 -12 -18 1000
G1 -7 -9 1000
G1 -7 -8 1000
G1 -8 -8 1000
G1 -8 -7 1000
G1 -18 -12 1000
G1 -10 -5 1000
G1 -20 -8 1000
G1 -10 -3 1000
G1 -11 -2 1000
G1 -22 -2 1000
G1 -11 0 1000
G1 -11 1 1000
G1 -11 2 1000
G1 -11 3 1000
G1 -24 8 1000
G1 -12 5 1000
G1 -12 6 1000
G1 -12 7 1000
G1 -12 8 1000
G1 -12 9 1000
G1 6 -5 1000
G1 12 -9 1000
G1 12 -8 1000
G1 12 -7 1000
G1 12 -6 1000
G1 12 -5 1000
G1 12 -4 1000
G1 11 -3 1000
G1 11 -2 1000
G1 22 -2 1000
G1 11 0 1000
G1 11 1 1000
G1 11 2 1000
G1 11 3 1000
G1 10 3 1000
G1 10 4 1000
G1 10 5 1000
G1 9 5 1000
G1 9 6 1000
G1 9 7 1000
G1 8 7 1000
G1 8 8 1000
G1 7 8 1000
G1 7 9 1000
G1 6 9 1000
G1 10 20 1000
G1 4 10 1000
G1 3 10 1000
G1 3 11 1000
G1 2 11 1000
G1 1 11 1000
G1 0 11 1000
G1 -1 12 1000
G1 -4 24 1000
G1 -3 12 1000
G1 -4 12 1000
G1 -5 13 1000
G1 -6 13 1000
G1 -7 13 1000
G1 -8 14 1000
G1 -9 14 1000
G1 -10 15 1000
G1 -11 15 1000
G1 -13 16 1000
G1 -14 17 1000
G1 -16 19 1000
G1 -19 21 1000
G1 -23 25 1000
G1 -32 35 1000
G1 -53 59 1000
G1 -29 -24 1000
G1 -112 -100 1000
G1 -27 -26 1000
G1 -28 -25 1000
G1 -29 -24 1000
G1 -28 -25 1000
G1 -3 -3 1000
G1 47 -55 1000
G1 33 -39 1000
G1 23 -27 1000
G1 19 -22 1000
G1 17 -19 1000
G1 15 -17 1000
G1 14 -15 1000
G1 14 -13 1000
G1 13 -12 1000
G1 13 -11 1000
G1 1 4 1000
G1 22 -18 1000
G1 20 -17 1000
G1 19 -16 1000
G1 18 -16 1000
G1 16 -16 1000
G1 15 -16 1000
G1 14 -16 1000
G1 13 -16 1000
G1 11 -16 1000
G1 10 -16 1000
G1 9 -17 1000
G1 7 -17 1000
G1 6 -17 1000
G1 4 -18 1000
G1 2 -18 1000
G1 1 -19 1000
G1 -1 -20 1000
G1 -3 -20 1000
G1 -5 -21 1000
G1 -7 -21 1000
G1 -9 -22 1000
G1 -12 -23 1000
G1 -14 -23 1000
G1 -16 -23 1000
G1 -18 -23 1000
G1 -19 -23 1000
G1 -21 -23 1000
G1 -23 -22 1000
G1 -24 -22 1000
G1 -24 -21 1000
G1 -8 -4 1000
G1 -36 -36 1000
G1 -16 -24 1000
G1 -7 -21 1000
G1 0 -15 1000
G1 5 -10 1000
G1 1 -1 1000
G1 8 -4 1000
G1 14 0 1000
G1 9 3 1000
G1 8 2 1000
G1 20 10 1000
G1 28 21 1000
G1 32 32 1000
G1 18 24 1000
G1 6 12 1000
G1 2 3 1000
G1 5 15 1000
G1 0 10 1000
G1 -4 8 1000
G1 -2 2 1000
G1 -10 5 1000
G1 -17 0 1000
G1 -24 -8 1000
G1 -3 -2 1000
G1 -24 -12 1000
G1 -6 -4 1000
G1 -6 -6 1000
G1 1 -2 1000
G1 25 20 1000
G1 24 21 1000
G1 23 22 1000
G1 22 23 1000
G1 20 23 1000
G1 18 23 1000
G1 16 23 1000
G1 14 23 1000
G1 12 23 1000
G1 10 22 1000
G1 8 22 1000
G1 6 21 1000
G1 4 20 1000
G1 2 20 1000
G1 -4 -1 1000
G1 0 -13 1000
G1 7 -14 1000
G1 2 -2 1000
G1 14 -7 1000
G1 17 0 1000
G1 18 6 1000
G1 24 16 1000
G1 21 21 1000
G1 14 21 1000
G1 6 18 1000
G1 0 15 1000
G1 -6 12 1000
G1 -2 2 1000
G1 -16 8 1000
G1 -23 0 1000
G1 -27 -9 1000
G1 -21 -14 1000
G1 -10 -10 1000
G1 -14 -21 1000
G1 -8 -24 1000
G1 0 -9 1000
G1 4 1 1000
G1 0 19 1000
G1 -2 19 1000
G1 -4 18 1000
G1 -5 17 1000
G1 -7 17 1000
G1 -8 17 1000
G1 -10 16 1000
G1 -11 16 1000
G1 -12 16 1000
G1 -13 16 1000
G1 -15 16 1000
G1 -16 16 1000
G1 -17 16 1000
G1 -18 16 1000
G1 -20 17 1000
G1 -21 18 1000
G1 -23 19 1000
G1 -25 20 1000
G1 -28 23 1000
G1 -33 27 1000
G1 -41 36 1000
G1 -85 86 1000
G1 -29 -24 1000
G1 -27 -26 1000
G1 -29 -24 1000
G1 -28 -25 1000
G1 -29 -25 1000
G1 -27 -26 1000
G1 -28 -25 1000
G1 -29 -24 1000
G1 -28 -25 1000
G1 -27 -26 1000
G1 -29 -24 1000
G1 -140 -125 1000
G1 0 -36 1000