G1 2 2 7189
G1 14 12 7142
G1 14 12 7144
G1 14 12 7142
G1 2 2 7179
G1 13 12 7693
G1 14 12 7143
G1 14 12 7144
G1 2 2 7168
G1 14 12 7142
G1 14 12 7144
G1 14 12 7142
G1 2 2 7176
G1 13 12 7693
G1 14 12 7142
G1 14 12 7144
G1 2 2 7189
G1 14 12 7142
G1 13 12 7693
G1 14 12 7142
G1 2 2 7197
G1 14 12 7140
G1 14 12 7145
G1 13 12 7692
G1 2 1 7168
G1 14 13 7144
G1 14 12 7143
G1 14 12 7141
G1 2 1 7196
G1 13 12 7695
G1 14 12 7141
G1 14 12 7142
G1 2 2 7188
G1 13 12 7693
G1 14 12 7142
G1 14 12 7143
G1 2 2 7177
G1 13 12 7691
G1 14 12 7143
G1 14 12 7144
G1 2 1 7187
G1 13 12 7692
G1 14 12 7144
G1 14 12 7142
G1 2 2 7176
G1 13 12 7693
G1 14 12 7142
G1 14 12 7143
G1 2 1 7165
G1 13 12 7694
G1 14 12 7143
G1 13 12 7693
G1 2 2 7196
G1 14 12 7142
G1 13 12 7694
G1 14 12 7142
G1 2 1 7161
G1 14 12 7143
G1 13 12 7691
G1 14 12 7142
G1 2 2 7213
G1 13 12 7690
G1 14 12 7143
G1 13 11 7693
G1 2 2 7183
G1 14 12 7142
G1 13 12 7693
G1 14 12 7141
G1 2 1 7193
G1 13 12 7692
G1 14 12 7141
G1 14 12 7145
G1 2 1 7179
G1 13 12 7692
G1 13 12 7691
G1 14 12 7145
G1 2 2 7168
G1 13 12 7693
G1 14 11 7142
G1 13 12 7692
G1 2 2 7177
G1 14 12 7144
G1 13 11 7692
G1 14 12 7143
G1 2 2 7168
G1 13 12 7694
G1 13 11 7690
G1 14 12 7144
G1 2 2 7197
G1 13 12 7692
G1 14 11 7141
G1 13 12 7694
G1 2 2 7166
G1 13 12 7692
G1 14 11 7141
G1 13 12 7694
G1 2 2 7173
G1 14 11 7143
G1 13 12 7691
G1 14 12 7145
G1 1 1 14371
G1 14 12 7141
G1 13 12 7695
G1 14 12 7142
G1 2 1 7174
G1 13 12 7694
G1 13 12 7692
G1 14 11 7143
G1 2 2 7181
G1 13 12 7691
G1 13 12 7692
G1 14 11 7143
G1 1 2 7169
G1 14 12 7141
G1 13 11 7693
G1 13 12 7693
G1 2 1 7200
G1 14 12 7142
G1 13 12 7693
G1 13 11 7693
G1 2 2 7145
G1 13 12 7695
G1 14 11 7141
G1 13 12 7693
G1 2 2 7178
G1 13 11 7695
G1 13 12 7690
G1 14 11 7144
G1 2 2 7166
G1 13 12 7692
G1 13 11 7694
G1 13 12 7693
G1 2 2 7176
G1 13 11 7692
G1 14 12 7144
G1 13 11 7694
G1 2 2 7161
G1 13 12 7692
G1 13 11 7690
G1 14 12 7144
G1 1 1 14389
G1 14 12 7143
G1 13 12 7694
G1 13 11 7690
G1 2 2 7157
G1 13 11 7692
G1 13 12 7694
G1 14 11 7144
G1 1 2 7191
G1 13 12 7692
G1 14 11 7141
G1 13 12 7693
G1 2 1 7176
G1 13 12 7692
G1 13 11 7694
G1 13 12 7690
G1 2 1 7185
G1 13 12 7692
G1 13 11 7693
G1 14 12 7140
G1 1 1 14351
G1 13 12 7695
G1 14 12 7141
G1 13 11 7693
G1 2 2 7182
G1 13 11 7691
G1 13 12 7693
G1 13 11 7693
G1 2 2 7147
G1 13 11 7691
G1 13 12 7693
G1 13 11 7693
G1 2 2 7179
G1 13 11 7691
G1 13 12 7693
G1 13 11 7692
G1 2 2 7188
G1 13 11 7691
G1 13 12 7692
G1 13 11 7695
G1 2 1 7155
G1 13 12 7694
G1 13 11 7692
G1 13 12 7695
G1 2 1 7165
G1 13 12 7690
G1 13 11 7695
G1 13 11 7691
G1 2 2 7171
G1 13 12 7693
G1 13 11 7694
G1 13 11 7690
G1 2 2 7183
G1 13 11 7692
G1 13 12 7691
G1 13 11 7693
G1 2 2 7170
G1 12 11 8333
G1 13 11 7694
G1 13 12 7693
G1 2 1 7176
G1 13 12 7691
G1 13 11 7693
G1 13 11 7692
G1 2 2 7185
G1 13 11 7691
G1 13 12 7692
G1 13 11 7691
G1 2 1 7152
G1 13 12 7693
G1 12 11 8333
G1 13 11 7694
G1 2 2 7183
G1 13 11 7693
G1 13 12 7691
G1 13 11 7694
G1 2 1 7167
G1 13 12 7692
G1 13 11 7694
G1 13 11 7693
G1 1 2 7154
G1 13 11 7691
G1 13 12 7693
G1 13 11 7692
G1 2 1 7165
G1 13 12 7694
G1 12 11 8333
G1 13 11 7691
G1 2 2 7174
G1 13 11 7693
G1 13 11 7691
G1 13 11 7694
G1 2 2 7158
G1 12 11 8333
G1 13 12 7694
G1 13 11 7690
G1 2 1 7167
G1 13 12 7691
G1 12 11 8334
G1 13 11 7692
G1 2 1 7176
G1 13 12 7694
G1 13 11 7692
G1 12 11 8332
G1 2 2 7162
G1 13 11 7693
G1 13 11 7691
G1 13 11 7693
G1 1 2 7173
G1 13 11 7692
G1 13 11 7690
G1 13 11 7693
G1 2 2 7179
G1 12 11 8332
G1 13 11 7693
G1 13 11 7691
G1 2 2 7166
G1 12 11 8335
G1 13 11 7692
G1 13 11 7694
G1 2 2 7174
G1 12 11 8333
G1 13 11 7691
G1 13 11 7693
G1 2 2 7183
G1 12 11 8332
G1 13 11 7693
G1 13 11 7692
G1 2 2 7169
G1 12 11 8331
G1 13 11 7692
G1 13 11 7694
G1 1 2 7155
G1 13 11 7692
G1 13 11 7694
G1 12 11 8334
G1 2 2 7143
G1 13 11 7695
G1 12 11 8330
G1 13 11 7695
G1 2 1 7175
G1 12 12 8335
G1 13 11 7691
G1 13 11 7693
G1 2 1 7161
G1 12 11 8333
G1 13 11 7690
G1 13 11 7692
G1 1 2 7189
G1 13 11 7694
G1 12 11 8333
G1 13 11 7691
G1 2 1 7152
G1 12 12 8334
G1 13 11 7691
G1 13 11 7693
G1 2 1 7161
G1 12 11 8336
G1 13 11 7690
G1 12 11 8336
G1 2 2 7172
G1 13 11 7690
G1 12 11 8337
G1 13 11 7690
G1 2 1 7155
G1 12 11 8333
G1 13 11 7694
G1 12 11 8333
G1 2 2 7163
G1 12 11 8332
G1 13 11 7692
G1 13 11 7694
G1 1 1 14343
G1 13 11 7693
G1 12 11 8332
G1 13 11 7692
G1 2 2 7157
G1 12 11 8336
G1 13 11 7693
G1 12 11 8332
G1 2 1 7165
G1 12 11 8334
G1 13 11 7691
G1 12 11 8334
G1 2 1 7174
G1 13 11 7691
G1 12 11 8334
G1 13 11 7691
G1 1 2 7159
G1 13 11 7693
G1 12 11 8332
G1 13 10 7693
G1 2 2 7167
G1 12 11 8336
G1 12 11 8330
G1 13 11 7695
G1 2 1 7129
G1 12 11 8334
G1 12 11 8332
G1 13 11 7693
G1 2 1 7184
G1 12 11 8332
G1 13 11 7693
G1 12 11 8332
G1 2 2 7169
G1 12 11 8334
G1 13 10 7691
G1 12 11 8334
G1 2 2 7154
G1 12 11 8336
G1 12 10 8330
G1 13 11 7694
G1 2 2 7139
G1 12 11 8334
G1 12 10 8332
G1 13 11 7692
G1 2 2 7171
G1 12 11 8332
G1 12 10 8334
G1 13 11 7694
G1 1 2 7155
G1 13 11 7693
G1 12 10 8332
G1 12 11 8333
G1 2 2 7164
G1 12 11 8332
G1 13 10 7693
G1 12 11 8335
G1 2 2 7172
G1 12 10 8334
G1 13 11 7690
G1 12 11 8337
G1 2 1 7157
G1 12 11 8335
G1 12 11 8333
G1 13 11 7693
G1 1 1 14236
G1 13 11 7696
G1 12 11 8331
G1 12 11 8336
G1 2 1 7173
G1 12 11 8335
G1 12 11 8332
G1 13 10 7693
G1 2 2 7132
G1 12 11 8332
G1 12 10 8334
G1 12 11 8335
G1 2 2 7142
G1 12 10 8334
G1 13 11 7694
G1 12 11 8333
G1 2 1 7173
G1 12 11 8331
G1 12 11 8333
G1 12 10 8335
G1 2 2 7158
G1 12 11 8333
G1 12 10 8331
G1 13 11 7695
G1 1 1 14332
G1 13 11 7690
G1 12 11 8336
G1 12 10 8333
G1 2 2 7174
G1 12 11 8332
G1 12 10 8334
G1 12 11 8331
G1 2 2 7182
G1 12 10 8333
G1 12 11 8331
G1 13 11 7695
G1 1 1 14285
G1 12 11 8335
G1 13 10 7692
G1 12 11 8333
G1 2 1 7151
G1 12 11 8336
G1 12 11 8334
G1 12 10 8331
G1 2 2 7158
G1 12 11 8334
G1 12 10 8335
G1 12 11 8332
G1 2 1 7166
G1 12 11 8331
G1 12 11 8337
G1 12 10 8334
G1 2 2 7148
G1 12 10 8332
G1 12 11 8334
G1 12 10 8335
G1 2 2 7158
G1 12 11 8333
G1 12 10 8331
G1 12 11 8336
G1 2 1 7142
G1 12 11 8331
G1 12 10 8332
G1 12 11 8333
G1 2 1 7174
G1 12 11 8336
G1 12 11 8333
G1 12 10 8335
G1 2 2 7156
G1 12 10 8333
G1 12 11 8331
G1 12 10 8335
G1 2 2 7142
G1 12 10 8334
G1 12 11 8332
G1 12 10 8337
G1 2 2 7171
G1 12 11 8331
G1 12 10 8333
G1 12 10 8334
G1 2 2 7134
G1 12 11 8336
G1 12 10 8334
G1 12 11 8331
G1 1 1 14326
G1 12 11 8333
G1 12 10 8335
G1 12 11 8332
G1 2 1 7149
G1 12 11 8334
G1 12 10 8332
G1 12 11 8333
G1 2 1 7181
G1 12 11 8331
G1 12 10 8333
G1 12 10 8334
G1 2 2 7162
G1 11 11 9090
G1 12 10 8334
G1 12 10 8335
G1 2 2 7148
G1 12 10 8333
G1 12 11 8335
G1 12 10 8331
G1 2 2 7180
G1 12 10 8330
G1 12 11 8336
G1 12 10 8332
G1 1 2 7163
G1 12 10 8335
G1 12 11 8333
G1 12 10 8333
G1 2 1 7147
G1 12 11 8336
G1 11 10 9091
G1 12 11 8330
G1 2 1 7154
G1 12 11 8337
G1 12 10 8330
G1 12 10 8335
G1 2 2 7160
G1 11 10 9091
G1 12 11 8335
G1 12 10 8332
G1 2 2 7145
G1 12 10 8334
G1 12 10 8336
G1 12 11 8332
G1 1 1 14301
G1 12 11 8331
G1 12 10 8337
G1 12 10 8333
G1 2 2 7158
G1 11 10 9089
G1 12 11 8333
G1 12 10 8333
G1 2 1 7168
G1 12 11 8332
G1 11 10 9091
G1 12 11 8334
G1 2 1 7127
G1 12 10 8333
G1 12 11 8335
G1 12 10 8335
G1 1 1 14313
G1 12 11 8334
G1 12 10 8331
G1 12 11 8336
G1 1 1 14332
G1 12 10 8330
G1 12 11 8336
G1 12 10 8332
G1 1 1 14299
G1 12 11 8335
G1 12 10 8332
G1 12 10 8332
G1 2 2 7181
G1 11 10 9089
G1 12 11 8333
G1 12 10 8333
G1 2 1 7164
G1 11 11 9089
G1 12 10 8333
G1 12 10 8334
G1 2 2 7172
G1 11 10 9090
G1 12 10 8334
G1 12 10 8330
G1 1 2 7179
