G1 -44 51 980
G1 -19 21 2381
G1 -14 16 3124
G1 -12 13 3846
G1 -7 9 3707
G1 -6 7 4766
G1 -7 7 4766
G1 -8 10 4999
G1 -9 10 4999
G1 -7 8 6249
G1 -8 9 5555
G1 -7 8 6249
G1 -6 7 7142
G1 -7 7 7142
G1 -6 7 7142
G1 -6 7 7142
G1 -5 7 7142
G1 -4 4 8340
G1 -4 4 8340
G1 -3 4 8340
G1 -6 6 8332
G1 -5 6 8332
G1 -5 6 8332
G1 -5 6 8332
G1 -4 5 9998
G1 -5 5 9998
G1 -5 6 8332
G1 -4 5 9998
G1 -5 5 9998
G1 -4 5 9998
G1 -3 3 11120
G1 -3 3 11120
G1 -3 4 8340
G1 -4 4 12498
G1 -4 5 9998
G1 -4 5 9998
G1 -4 4 12498
G1 -4 5 9998
G1 -4 4 12498
G1 -4 5 9998
G1 -3 4 12498
G1 -4 4 12498
G1 -4 5 9998
G1 -2 2 16681
G1 -3 3 11120
G1 -2 3 11120
G1 -4 4 12498
G1 -3 4 12498
G1 -4 4 12498
G1 -3 4 12498
G1 -4 4 12498
G1 -3 4 12498
G1 -4 4 12498
G1 -3 4 12498
G1 -3 3 16664
G1 -4 4 12498
G1 -2 3 11120
G1 -2 2 16681
G1 -2 3 11120
G1 -3 3 16664
G1 -3 4 12498
G1 -4 4 12498
G1 -3 3 16664
G1 -3 4 12498
G1 -3 3 16664
G1 -3 4 12498
G1 -3 3 16664
G1 -3 4 12498
G1 -3 3 16664
G1 -2 3 11120
G1 -2 2 16681
G1 -2 2 16681
G1 -3 4 12498
G1 -3 3 16664
G1 -3 3 16664
G1 -3 4 12498
G1 -3 3 16664
G1 -3 3 16664
G1 -3 4 12498
G1 -3 3 16664
G1 -2 3 16664
G1 -3 3 16664
G1 -2 2 16681
G1 -2 3 11120
G1 -2 2 16681
G1 -3 3 16664
G1 -2 3 16664
G1 -3 3 16664
G1 -3 3 16664
G1 -3 3 16664
G1 -2 4 12498
G1 -3 3 16664
G1 -3 3 16664
G1 -2 3 16664
G1 -3 3 16664
G1 -2 2 16681
G1 -2 2 16681
G1 -1 2 16681
G1 -3 3 16664
G1 -3 3 16664
G1 -2 3 16664
G1 -3 3 16664
G1 -2 3 16664
G1 -3 3 16664
G1 -3 3 16664
G1 -2 3 16664
G1 -3 3 16664
G1 -2 3 16664
G1 -2 1 16681
G1 -2 2 16681
G1 -1 2 16681
G1 -3 3 16664
G1 -2 3 16664
G1 -3 3 16664
G1 -3 3 16664
G1 -2 3 16664
G1 -3 3 16664
G1 -2 2 24996
G1 -2 3 16664
G1 -3 3 16664
G1 -2 3 16664
G1 -2 2 16681
G1 -2 2 16681
G1 -1 1 33361
G1 -3 3 16664
G1 -2 3 16664
G1 -3 3 16664
G1 -2 3 16664
G1 -2 2 24996
G1 -3 3 16664
G1 -2 3 16664
G1 -3 3 16664
G1 -2 2 24996
G1 -2 3 16664
G1 -2 2 16681
G1 -2 2 16681
G1 -1 2 16681
G1 -3 2 16664
G1 -2 3 16664
G1 -2 3 16664
G1 -3 2 16664
G1 -2 3 16664
G1 -2 3 16664
G1 -3 2 16664
G1 -2 3 16664
G1 -2 3 16664
G1 -3 2 16664
G1 -1 2 16681
G1 -2 2 16681
G1 -1 2 16681
G1 -3 2 16664
G1 -2 3 16664
G1 -2 3 16664
G1 -3 2 16664
G1 -2 3 16664
G1 -2 3 16664
G1 -3 2 16664
G1 -2 3 16664
G1 -2 2 24996
G1 -2 3 16664
G1 -2 2 16681
G1 -1 2 16681
G1 -2 1 16681
G1 -2 3 16664
G1 -3 2 16664
G1 -2 3 16664
G1 -2 3 16664
G1 -2 2 24996
G1 -3 3 16664
G1 -2 2 24996
G1 -2 3 16664
G1 -2 3 16664
G1 -3 2 16664
G1 -1 2 16681
G1 -2 2 16681
G1 -1 1 33361
G1 -2 3 16664
G1 -3 2 16664
G1 -2 3 16664
G1 -2 2 24996
G1 -2 3 16664
G1 -3 3 16664
G1 -2 2 24996
G1 -2 3 16664
G1 -2 2 24996
G1 -2 3 16664
G1 -2 1 16681
G1 -1 2 16681
G1 -2 2 16681
G1 -2 2 24996
G1 -2 3 16664
G1 -3 2 16664
G1 -2 3 16664
G1 -2 3 16664
G1 -2 2 24996
G1 -2 3 16664
G1 -3 2 16664
G1 -2 3 16664
G1 -2 2 24996
G1 -2 2 16681
G1 -1 2 16681
G1 -1 1 33361
G1 -3 3 16664
G1 -2 2 24996
G1 -2 3 16664
G1 -2 2 24996
G1 -2 3 16664
G1 -3 2 16664
G1 -2 3 16664
G1 -2 2 24996
G1 -2 3 16664
G1 -2 2 24996
G1 -2 2 16681
G1 -1 2 16681
G1 -2 1 16681
G1 -2 3 16664
G1 -2 2 24996
G1 -2 3 16664
G1 -3 2 16664
G1 -901 -798 200
G1 2 -3 16664
G1 2 -2 24996
G1 3 -3 16664
G1 2 -2 24996
G1 1 -2 16681
G1 2 -1 16681
G1 1 -2 16681
G1 2 -3 16664
G1 3 -2 16664
G1 2 -3 16664
G1 2 -2 24996
G1 2 -3 16664
G1 2 -2 24996
G1 3 -3 16664
G1 2 -2 24996
G1 2 -3 16664
G1 2 -2 24996
G1 2 -2 16681
G1 1 -2 16681
G1 2 -1 16681
G1 2 -3 16664
G1 2 -2 24996
G1 2 -3 16664
G1 2 -2 24996
G1 3 -3 16664
G1 2 -2 24996
G1 2 -3 16664
G1 2 -3 16664
G1 3 -2 16664
G1 2 -3 16664
G1 1 -1 33361
G1 2 -2 16681
G1 1 -2 16681
G1 2 -2 24996
G1 3 -3 16664
G1 2 -2 24996
G1 2 -3 16664
G1 2 -2 24996
G1 3 -3 16664
G1 2 -3 16664
G1 2 -2 24996
G1 2 -3 16664
G1 3 -2 16664
G1 1 -2 16681
G1 2 -2 16681
G1 1 -1 33361
G1 2 -3 16664
G1 3 -2 16664
G1 2 -3 16664
G1 2 -3 16664
G1 2 -2 24996
G1 3 -3 16664
G1 2 -2 24996
G1 2 -3 16664
G1 2 -3 16664
G1 3 -2 16664
G1 1 -2 16681
G1 2 -2 16681
G1 1 -1 33361
G1 3 -3 16664
G1 2 -3 16664
G1 2 -2 24996
G1 2 -3 16664
G1 3 -2 16664
G1 2 -3 16664
G1 2 -3 16664
G1 3 -2 16664
G1 2 -3 16664
G1 2 -3 16664
G1 2 -1 16681
G1 1 -2 16681
G1 2 -2 16681
G1 2 -3 16664
G1 3 -2 16664
G1 2 -3 16664
G1 2 -3 16664
G1 3 -2 16664
G1 2 -3 16664
G1 2 -3 16664
G1 3 -2 16664
G1 2 -3 16664
G1 2 -3 16664
G1 2 -2 16681
G1 2 -1 16681
G1 1 -2 16681
G1 3 -3 16664
G1 2 -3 16664
G1 2 -2 24996
G1 3 -3 16664
G1 2 -3 16664
G1 3 -3 16664
G1 2 -2 24996
G1 2 -3 16664
G1 3 -3 16664
G1 2 -3 16664
G1 2 -2 16681
G1 1 -2 16681
G1 2 -1 16681
G1 3 -3 16664
G1 2 -3 16664
G1 3 -3 16664
G1 2 -3 16664
G1 2 -3 16664
G1 3 -2 16664
G1 2 -3 16664
G1 3 -3 16664
G1 3 -3 16664
G1 2 -3 16664
G1 2 -2 16681
G1 1 -2 16681
G1 2 -2 16681
G1 3 -3 16664
G1 2 -3 16664
G1 3 -2 16664
G1 2 -3 16664
G1 3 -3 16664
G1 3 -3 16664
G1 2 -3 16664
G1 3 -3 16664
G1 2 -3 16664
G1 3 -3 16664
G1 2 -2 16681
G1 2 -2 16681
G1 1 -2 16681
G1 3 -3 16664
G1 3 -3 16664
G1 2 -4 12498
G1 3 -3 16664
G1 3 -3 16664
G1 2 -3 16664
G1 3 -3 16664
G1 3 -3 16664
G1 3 -3 16664
G1 3 -3 16664
G1 1 -3 11120
G1 2 -2 16681
G1 2 -2 16681
G1 3 -3 16664
G1 3 -3 16664
G1 3 -4 12498
G1 2 -3 16664
G1 3 -3 16664
G1 3 -3 16664
G1 3 -4 12498
G1 3 -3 16664
G1 3 -3 16664
G1 3 -4 12498
G1 2 -2 16681
G1 2 -2 16681
G1 2 -3 11120
G1 3 -3 16664
G1 3 -4 12498
G1 3 -3 16664
G1 3 -4 12498
G1 3 -3 16664
G1 3 -4 12498
G1 3 -3 16664
G1 4 -4 12498
G1 3 -3 16664
G1 3 -4 12498
G1 2 -3 11120
G1 2 -2 16681
G1 2 -3 11120
G1 4 -3 12498
G1 3 -4 12498
G1 3 -4 12498
G1 4 -4 12498
G1 3 -4 12498
G1 4 -4 12498
G1 3 -4 12498
G1 4 -4 12498
G1 3 -4 12498
G1 4 -4 12498
G1 2 -2 16681
G1 3 -3 11120
G1 2 -3 11120
G1 4 -4 12498
G1 3 -4 12498
G1 4 -5 9998
G1 4 -4 12498
G1 4 -4 12498
G1 4 -5 9998
G1 4 -4 12498
G1 4 -5 9998
G1 4 -5 9998
G1 4 -4 12498
G1 3 -4 8340
G1 2 -3 11120
G1 3 -3 11120
G1 5 -5 9998
G1 4 -5 9998
G1 5 -5 9998
G1 4 -5 9998
G1 5 -6 8332
G1 5 -5 9998
G1 4 -6 8332
G1 5 -5 9998
G1 5 -6 8332
G1 6 -6 8332
G1 3 -4 8340
G1 4 -4 8340
G1 3 -4 8340
G1 6 -7 7142
G1 6 -6 8332
G1 6 -7 7142
G1 6 -7 7142
G1 6 -8 6249
G1 7 -8 6249
G1 7 -8 6249
G1 8 -8 6249
G1 8 -9 5555
G1 8 -10 4999
G1 6 -6 5560
G1 6 -8 4170
G1 7 -7 4766
G1 11 -13 3846
G1 13 -14 3571
G1 15 -18 2777
G1 22 -25 2000
G1 34 -39 769