G1 44 -51 2988
G1 19 -21 2975
G1 14 -16 2963
G1 12 -13 2951
G1 10 -12 2938
G1 10 -11 2926
G1 6 -7 2918
G1 5 -6 2910
G1 6 -7 2901
G1 7 -8 2889
G1 8 -9 2877
G1 7 -8 2864
G1 6 -7 2852
G1 7 -7 2840
G1 6 -7 2827
G1 3 -4 2821
G1 3 -3 2814
G1 0 -4 2810
G1 1 -4 2805
G1 2 -5 2797
G1 3 -6 2789
G1 4 -6 2778
G1 5 -6 2766
G1 5 -6 2754
G1 5 -6 2741
G1 2 -2 2736
G1 5 -6 2724
G1 4 -5 2711
G1 3 -4 2703
G1 3 -4 2695
G1 3 -3 2687
G1 4 -4 2677
G1 3 -5 2667
G1 2 -3 2660
G1 1 -4 2652
G1 2 -4 2645
G1 2 -6 2634
G1 3 -5 2623
G1 2 -6 2612
G1 1 -5 2603
G1 1 -6 2593
G1 0 -2 2590
G1 -1 -5 2582
G1 0 -5 2575
G1 0 -4 2570
G1 -2 -5 2564
G1 -1 -4 2559
G1 -1 -3 2556
G1 -1 -3 2553
G1 -2 -4 2549
G1 -2 -4 2545
G1 -2 -4 2542
G1 -2 -3 2539
G1 -1 -3 2537
G1 -2 -2 2535
G1 -1 -3 2533
G1 -2 -3 2531
G1 -2 -3 2530
G1 -1 -2 2528
G1 -2 -3 2526
G1 -2 -2 2524
G1 -2 -3 2522
G1 -2 -4 2520
G1 -3 -4 2517
G1 -3 -4 2515
G1 -2 -4 2512
G1 -2 -2 2511
G1 -2 -3 2509
G1 -2 -2 2508
G1 -3 -4 2506
G1 -3 -4 2503
G1 -2 -3 2502
G1 -1 -2 2501
G1 -2 -3 2499
G1 -2 -2 2498
G1 -2 -3 2497
G1 -2 -2 2496
G1 -2 -3 2495
G1 -2 -2 2494
G1 -2 -2 2492
G1 -3 -4 2491
G1 -3 -4 2489
G1 -3 -2 2488
G1 -2 -3 2488
G1 -2 -2 2487
G1 -2 -2 2486
G1 -2 -3 2485
G1 -2 -2 2484
G1 -3 -4 2483
G1 -4 -3 2482
G1 -2 -2 2481
G1 -2 -3 2481
G1 -2 -2 2480
G1 -3 -4 2479
G1 -4 -3 2479
G1 -3 -3 2478
G1 -4 -4 2477
G1 -2 -2 2477
G1 -2 -2 2477
G1 -2 -2 2476
G1 -4 -4 2476
G1 -3 -3 2476
G1 -4 -3 2476
G1 -4 -3 2475
G1 -2 -3 2475
G1 -2 -2 2475
G1 -3 -2 2475
G1 -3 -3 2476
G1 -4 -3 2476
G1 -4 -3 2476
G1 -3 -3 2476
G1 -3 -2 2477
G1 -2 -2 2477
G1 -3 -2 2477
G1 -3 -3 2478
G1 -4 -3 2479
G1 -3 -2 2479
G1 -2 -2 2480
G1 -3 -2 2480
G1 -4 -3 2481
G1 -3 -3 2482
G1 -3 -2 2483
G1 -3 -1 2483
G1 -2 -2 2484
G1 -3 -2 2485
G1 -2 -2 2486
G1 -3 -2 2486
G1 -3 -2 2487
G1 -2 -1 2488
G1 -3 -2 2489
G1 -4 -3 2491
G1 -4 -2 2492
G1 -4 -3 2494
G1 -4 -3 2496
G1 -2 -1 2497
G1 -3 -2 2498
G1 -3 -1 2499
G1 -4 -3 2501
G1 -4 -2 2503
G1 -4 -3 2505
G1 -4 -2 2507
G1 -3 -2 2509
G1 -3 -1 2511
G1 -2 -2 2512
G1 -3 -1 2514
G1 -3 -2 2515
G1 -3 -1 2517
G1 -4 -2 2519
G1 -4 -2 2522
G1 -3 -2 2524
G1 -3 -1 2526
G1 -3 -2 2527
G1 -4 -2 2530
G1 -4 -2 2533
G1 -3 -1 2535
G1 -3 -1 2537
G1 -3 -2 2539
G1 -3 -1 2541
G1 -3 -1 2543
G1 -2 -1 2545
G1 -5 -2 2549
G1 -4 -2 2552
G1 -4 -2 2555
G1 -5 -1 2559
G1 -3 -1 2561
G1 -3 -2 2563
G1 -3 -1 2566
G1 -4 -1 2569
G1 -5 -2 2573
G1 -4 -1 2577
G1 -4 -2 2581
G1 -3 -1 2583
G1 -3 -1 2586
G1 -3 -1 2589
G1 -3 0 2591
G1 -3 -1 2594
G1 -3 -1 2597
G1 -5 -1 2601
G1 -5 -2 2605
G1 -3 0 2608
G1 -3 -1 2611
G1 -3 -1 2614
G1 -3 -1 2617
G1 -3 0 2619
G1 -4 -1 2624
G1 -5 -1 2629
G1 -4 -1 2634
G1 -5 0 2638
G1 -5 0 2645
G1 -5 0 2651
G1 -3 0 2655
G1 -3 0 2658
G1 -5 1 2666
G1 -5 0 2674
G1 -4 1 2679
G1 -5 2 2688
G1 -6 2 2698
G1 0 1 2699
G1 -4 2 2706
G1 -4 2 2714
G1 -4 3 2721
G1 -1 0 2723
G1 -5 5 2735
G1 -6 5 2747
G1 -1 1 2750
G1 -4 4 2758
G1 -3 4 2767
G1 -4 4 2775
G1 -3 3 2781
G1 -4 7 2794
G1 -6 7 2806
G1 -4 5 2816
G1 -6 7 2829
G1 -6 8 2841
G1 -3 4 2848
G1 -7 7 2860
G1 -6 7 2871
G1 -7 5 2880
G1 -6 5 2889
G1 -5 2 2894
G1 -5 2 2900
G1 -3 0 2901
G1 -2 -1 2902
G1 1 -4 2899
G1 0 -4 2896
G1 4 -8 2886
G1 3 -8 2877
G1 2 -4 2872
G1 2 -5 2866
G1 5 -8 2855
G1 4 -8 2844
G1 4 -8 2833
G1 4 -7 2821
G1 4 -6 2812
G1 3 -6 2802
G1 3 -5 2795
G1 2 -4 2787
G1 3 -5 2780
G1 3 -7 2768
G1 4 -6 2757
G1 2 -4 2750
G1 3 -7 2739
G1 3 -6 2728
G1 2 -4 2720
G1 2 -4 2713
G1 2 -4 2705
G1 3 -6 2694
G1 3 -6 2683
G1 0 -2 2680
G1 3 -5 2670
G1 2 -6 2659
G1 2 -3 2652
G1 1 -4 2645
G1 2 -4 2638
G1 1 -4 2630
G1 1 -3 2623
G1 2 -4 2616
G1 1 -4 2609
G1 1 -4 2602
G1 1 -3 2595
G1 2 -6 2584
G1 2 -5 2573
G1 1 -4 2566
G1 1 -3 2559
G1 1 -4 2552
G1 1 -3 2545
G1 1 -4 2538
G1 1 -4 2531
G1 1 -5 2520
G1 2 -5 2510
G1 1 -4 2503
G1 0 -3 2496
G1 1 -3 2489
G1 1 -4 2482
G1 1 -3 2475
G1 1 -4 2468
G1 1 -5 2457
G1 1 -5 2447
G1 1 -5 2437
G1 0 -5 2426
G1 1 -4 2419
G1 1 -3 2413
G1 0 -3 2406
G1 1 -4 2399
G1 0 -3 2392
G1 1 -4 2385
G1 0 -3 2378
G1 1 -3 2372
G1 0 -4 2365
G1 0 -3 2358
G1 1 -3 2351
G1 0 -4 2344
G1 0 -2 2339
G1 1 -3 2334
G1 0 -3 2328
G1 0 -3 2321
G1 0 -4 2315
G1 0 -3 2309
G1 0 -3 2302
G1 -1 -4 2296
G1 0 -3 2289
G1 0 -5 2280
G1 0 -5 2270
G1 0 -4 2264
G1 0 -3 2257
G1 0 -3 2251
G1 0 -1 2250
G1 0 -3 2244
G1 0 -3 2238
G1 -1 -4 2232
G1 -1 -5 2223
G1 0 -5 2214
G1 0 -2 2211
G1 2 -4 2199
G1 2 -4 2187
G1 1 -3 2177
G1 3 0 2172
G1 3 -1 2166
G1 5 0 2157
G1 5 1 2148
G1 3 0 2143
G1 4 0 2137
G1 3 0 2131
G1 3 1 2125
G1 4 0 2120
G1 3 0 2114
G1 5 1 2106
G1 6 1 2097
G1 2 0 2093
G1 3 0 2088
G1 4 1 2083
G1 3 0 2077
G1 4 1 2072
G1 4 1 2064
G1 5 1 2057
G1 6 1 2049
G1 5 1 2041
G1 3 1 2036
G1 4 1 2031
G1 4 0 2026
G1 4 2 2020
G1 4 1 2014
G1 6 1 2007
G1 5 2 2000
G1 4 1 1996
G1 3 2 1992
G1 4 1 1987
G1 5 2 1981
G1 5 2 1976
G1 5 2 1972
G1 3 2 1971
G1 2 3 1971
G1 3 4 1975
G1 2 4 1979
G1 -1 2 1987
G1 -2 2 1996
G1 -5 0 2004
G1 -5 -1 2013
G1 -5 -1 2021
G1 -5 -1 2029
G1 -4 0 2035
G1 -3 -1 2040
G1 -4 0 2046
G1 -5 -1 2054
G1 -5 -1 2063
G1 -4 -1 2069
G1 -4 0 2075
G1 -4 0 2081
G1 -3 -1 2087
G1 -3 0 2093
G1 -4 0 2098
G1 -3 0 2104
G1 -5 0 2115
G1 -5 1 2125
G1 -2 0 2131
G1 -4 2 2142
G1 -5 2 2154
G1 -3 2 2164
G1 -4 2 2174
G1 -3 3 2186
G1 -3 3 2199
G1 -2 3 2210
G1 -2 5 2222
G1 -1 4 2233
G1 -1 3 2241
G1 -1 3 2249
G1 -2 3 2257
G1 -1 5 2267
G1 -1 4 2278
G1 -1 3 2284
G1 0 3 2291
G1 -1 3 2298
G1 0 4 2305
G1 0 3 2312
G1 -1 3 2319
G1 0 5 2330
G1 -1 5 2340
G1 -1 5 2351
G1 -1 5 2361
G1 0 3 2368
G1 -1 4 2376
G1 -1 3 2383
G1 0 3 2390
G1 -1 4 2397
G1 -1 3 2404
G1 -1 5 2415
G1 -1 5 2425
G1 -1 5 2436
G1 -1 5 2447
G1 -2 5 2457
G1 -1 5 2468
G1 -1 4 2475
G1 -1 3 2483
G1 -1 4 2490
G1 -1 3 2497
G1 0 4 2503
G1 1 4 2510
G1 1 3 2513
G1 1 3 2516
G1 2 3 2519
G1 1 3 2521
G1 3 4 2523
G1 2 3 2526
G1 2 3 2527
G1 5 2 2524
G1 4 2 2521
G1 4 2 2518
G1 3 0 2514
G1 3 1 2511
G1 3 1 2507
G1 4 0 2504
G1 3 1 2500
G1 3 1 2497
G1 5 1 2492
G1 4 1 2487
G1 4 1 2484
G1 3 1 2481
G1 3 1 2477
G1 3 1 2474
G1 3 1 2471
G1 3 1 2468
G1 5 1 2463
G1 5 2 2459
G1 3 1 2456
G1 3 1 2453
G1 3 1 2450
G1 3 1 2447
G1 3 1 2444
G1 3 1 2441
G1 5 2 2437
G1 4 1 2433
G1 3 1 2430
G1 3 2 2427
G1 4 1 2424
G1 3 1 2422
G1 3 1 2419
G1 3 2 2417
G1 3 1 2414
G1 3 1 2411
G1 3 1 2409
G1 4 2 2405
G1 5 2 2402
G1 4 2 2398
G1 5 3 2395
G1 4 2 2391
G1 5 2 2388
G1 3 1 2386
G1 3 2 2384
G1 3 1 2382
G1 4 3 2379
G1 5 2 2376
G1 3 2 2374
G1 3 1 2372
G1 3 2 2370
G1 4 2 2367
G1 5 3 2364
G1 4 2 2362
G1 4 3 2359
G1 3 1 2358
G1 3 2 2356
G1 3 2 2354
G1 3 2 2353
G1 3 1 2351
G1 3 2 2350
G1 4 3 2348
G1 5 3 2346
G1 2 1 2344
G1 3 2 2343
G1 3 2 2342
G1 2 1 2341
G1 5 3 2338
G1 4 2 2335
G1 5 1 2329
G1 4 1 2323
G1 3 -1 2316
G1 3 -1 2309
G1 4 -1 2302
G1 1 0 2298
G1 3 -4 2286
G1 2 -4 2274
G1 3 -4 2262
G1 3 -4 2249
G1 1 -3 2241
G1 2 -2 2233
G1 2 -3 2225
G1 1 -3 2217
G1 2 -2 2208
G1 2 -3 2200
G1 1 -2 2192
G1 2 -3 2184
G1 2 -3 2176
G1 2 -3 2164
G1 2 -4 2151
G1 3 -4 2139
G1 2 -4 2127
G1 2 -3 2117
G1 2 -3 2107
G1 1 -3 2099
G1 1 -3 2091
G1 1 -2 2083
G1 1 -4 2072
G1 1 -4 2062
G1 -1 -5 2053
G1 -1 -5 2043
G1 0 -3 2039
G1 -1 -3 2034
G1 -4 -4 2031
G1 -3 -5 2028
G1 -3 -4 2025
G1 -4 -4 2023
G1 -4 -4 2022
G1 -5 -4 2022
G1 -3 -3 2021
G1 -3 -3 2021
G1 -3 -3 2021
G1 -3 -3 2021
G1 -4 -3 2020
G1 -3 -3 2021
G1 -3 -3 2022
G1 -3 -2 2022
G1 -3 -2 2023
G1 -4 -4 2022
G1 -4 -4 2022
G1 -2 -3 2019
G1 -2 -3 2017
G1 -1 -4 2007
G1 4 -2 1997
G1 3 -2 1986
G1 6 2 1980
G1 5 3 1974
G1 5 1 1970
G1 3 3 1968
G1 4 2 1966
G1 4 2 1964
G1 3 3 1962
G1 4 2 1960
G1 3 2 1958
G1 1 1 1958
G1 3 2 1956
G1 4 3 1955
G1 3 2 1954
G1 6 4 1952
G1 5 4 1950
G1 5 4 1948
G1 5 4 1947
G1 5 3 1945
G1 5 4 1944
G1 5 4 1942
G1 4 2 1941
G1 3 3 1939
G1 4 3 1938
G1 3 2 1937
G1 3 3 1936
G1 4 2 1935
G1 3 3 1935
G1 4 3 1934
G1 3 3 1933
G1 5 4 1932
G1 6 4 1931
G1 3 3 1930
G1 3 2 1930
G1 4 3 1929
G1 3 3 1929
G1 4 3 1928
G1 3 3 1928
G1 3 2 1928
G1 4 3 1927
G1 3 3 1927
G1 5 5 1927
G1 5 4 1927
G1 1 1 1927
G1 4 3 1926
G1 3 3 1926
G1 4 3 1925
G1 5 4 1924
G1 5 4 1924
G1 3 3 1924
G1 3 3 1925
G1 3 3 1926
G1 3 3 1927
G1 3 4 1929
G1 0 4 1937
G1 1 4 1945
G1 -3 0 1952
G1 -3 1 1959
G1 -5 -2 1965
G1 -4 -2 1970
G1 -6 -3 1973
G1 -5 -3 1977
G1 -2 -1 1978
G1 -4 -3 1980
G1 -3 -2 1981
G1 -3 -3 1982
G1 -4 -2 1983
G1 -3 -2 1985
G1 -3 -3 1987
G1 -4 -2 1989
G1 -3 -2 1991
G1 -4 -2 1993
G1 -3 -2 1995
G1 -4 -2 1997
G1 -2 -2 1999
G1 -6 -2 2005
G1 -5 -2 2010
G1 -4 -2 2014
G1 -3 -1 2018
G1 -4 0 2024
G1 -3 -1 2030
G1 -4 0 2037
G1 -4 0 2046
G1 -4 2 2058
G1 -4 3 2070
G1 -2 2 2078
G1 -3 3 2090
G1 -2 4 2103
G1 -2 2 2111
G1 -1 2 2119
G1 -2 3 2127
G1 -3 3 2140
G1 -2 4 2152
G1 -2 2 2160
G1 -2 3 2168
G1 -2 2 2176
G1 -1 3 2185
G1 -2 2 2193
G1 -2 3 2201
G1 -2 2 2209
G1 -2 3 2218
G1 -1 2 2226
G1 -3 4 2238
G1 -3 3 2250
G1 -2 3 2259
G1 -2 4 2271
G1 -3 4 2284
G1 -1 2 2287
G1 -1 4 2298
G1 -1 5 2309
G1 2 3 2312
G1 1 3 2315
G1 2 3 2318
G1 0 1 2319
G1 3 2 2319
G1 2 3 2320
G1 3 2 2320
G1 2 2 2321
G1 2 2 2321
G1 2 2 2321
G1 3 3 2321
G1 2 2 2321
G1 4 3 2321
G1 4 4 2321
G1 3 2 2321
G1 2 2 2321
G1 3 3 2321
G1 4 3 2321
G1 4 4 2322
G1 2 2 2322
G1 3 2 2322
G1 2 3 2322
G1 4 3 2323
G1 3 4 2324
G1 4 4 2324
G1 4 3 2325
G1 2 3 2326
G1 3 2 2326
G1 2 3 2327
G1 4 4 2328
G1 3 3 2329
G1 3 3 2330
G1 2 2 2331
G1 2 3 2332
G1 4 4 2333
G1 3 4 2335
G1 2 2 2336
G1 3 3 2337
G1 2 2 2338
G1 2 3 2339
G1 2 3 2340
G1 3 2 2341
G1 3 4 2343
G1 3 4 2345
G1 2 3 2347
G1 2 2 2348
G1 3 3 2349
G1 2 3 2351
G1 2 2 2352
G1 2 3 2354
G1 3 4 2356
G1 3 4 2359
G1 3 4 2361
G1 3 4 2364
G1 2 3 2366
G1 2 3 2367
G1 2 3 2369
G1 3 4 2372
G1 3 4 2375
G1 3 4 2378
G1 3 4 2381
G1 2 4 2384
G1 3 4 2387
G1 2 3 2389
G1 2 3 2391
G1 1 2 2393
G1 2 3 2395
G1 2 3 2397
G1 2 3 2399
G1 2 2 2400
G1 2 3 2401
G1 2 2 2402
G1 2 3 2404
G1 3 3 2405
G1 2 2 2405
G1 2 2 2406
G1 3 2 2406
G1 2 3 2406
G1 3 2 2405
G1 3 1 2403
G1 3 2 2402
G1 1 1 2401
G1 5 0 2395
G1 5 1 2388
G1 5 1 2381
G1 5 1 2375
G1 3 -1 2368
G1 3 -1 2361
G1 3 -1 2353
G1 5 -2 2343
G1 5 -1 2332
G1 3 -1 2325
G1 5 -2 2314
G1 4 -2 2302
G1 4 -2 2291
G1 5 -2 2280
G1 3 -2 2272
G1 3 -1 2264
G1 3 -1 2257
G1 3 -1 2249
G1 3 -2 2242
G1 3 -1 2234
G1 2 -1 2226
G1 3 -1 2219
G1 3 -1 2211
G1 4 -2 2202
G1 3 -1 2193
G1 5 -2 2182
G1 4 -1 2171
G1 3 -1 2163
G1 3 -2 2155
G1 3 -1 2148
G1 3 -1 2141
G1 2 -1 2133
G1 3 -1 2125
G1 3 -1 2118
G1 4 -2 2107
G1 4 -2 2096
G1 2 -2 2088
G1 2 -2 2080
G1 2 -2 2071
G1 2 -2 2064
G1 1 -1 2056
G1 2 -3 2048
G1 1 -3 2040
G1 1 -2 2032
G1 1 -3 2024
G1 1 -2 2016
G1 1 -4 2009
G1 0 -3 2002
G1 0 -3 1994
G1 0 -4 1984
G1 0 -5 1973
G1 0 -3 1967
G1 0 -4 1960
G1 -1 -3 1953
G1 0 -3 1946
G1 -1 -4 1940
G1 0 -3 1933
G1 0 -2 1929
G1 -2 -5 1920
G1 -1 -6 1911
G1 -2 -5 1902
G1 -2 -5 1894
G1 0 -3 1889
G1 -1 -3 1885
G1 -2 -3 1879
G1 -1 -4 1874
G1 -2 -3 1869
G1 -1 -4 1863
G1 -2 -4 1858
G1 -1 -3 1853
G1 -3 -6 1845
G1 -2 -5 1837
G1 -2 -5 1831
G1 -2 -5 1822
G1 -2 -6 1813
G1 -1 -3 1808
G1 2 -2 1800
G1 1 -2 1791
G1 5 1 1786
G1 4 2 1780
G1 4 4 1782
G1 3 3 1783
G1 3 4 1785
G1 2 2 1785
G1 2 3 1788
G1 3 4 1792
G1 3 4 1795
G1 4 5 1800
G1 2 4 1803
G1 3 4 1807
G1 2 4 1811
G1 2 3 1815
G1 3 4 1819
G1 2 4 1823
G1 1 2 1825
G1 3 5 1832
G1 3 6 1838
G1 3 5 1845
G1 3 6 1852
G1 2 4 1857
G1 2 3 1862
G1 2 4 1866
G1 2 6 1874
G1 3 5 1881
G1 2 5 1888
G1 2 5 1894
G1 2 5 1901
G1 2 3 1906
G1 1 4 1911
G1 2 3 1917
G1 1 4 1922
G1 1 3 1928
G1 1 4 1933
G1 1 3 1938
G1 1 2 1942
G1 1 4 1948
G1 1 3 1954
G1 1 4 1959
G1 2 5 1968
G1 1 5 1976
G1 1 5 1986
G1 1 5 1995
G1 1 5 2003
G1 0 3 2009
G1 0 2 2015
G1 -3 3 2025
G1 -4 0 2036
G1 -5 1 2046
G1 -5 0 2057
G1 -5 1 2067
G1 -4 0 2078
G1 -5 1 2088
G1 -3 1 2095
G1 -3 0 2102
G1 -5 1 2112
G1 -5 0 2123
G1 -3 1 2130
G1 -3 1 2137
G1 -3 0 2144
G1 -5 1 2154
G1 -5 1 2165
G1 -1 0 2168
G1 -3 1 2173
G1 -3 0 2180
G1 -3 1 2188
G1 -3 1 2195
G1 -5 1 2205
G1 -4 1 2216
G1 -4 1 2223
G1 -3 1 2230
G1 -3 0 2238
G1 -4 2 2248
G1 -5 1 2259
G1 -3 1 2266
G1 -3 1 2274
G1 -3 1 2281
G1 -5 1 2292
G1 -5 2 2302
G1 -3 1 2310
G1 -3 1 2317
G1 -3 1 2324
G1 -5 2 2335
G1 -4 1 2346
G1 -3 2 2353
G1 -4 1 2361
G1 -3 1 2368
G1 -3 1 2377
G1 -4 2 2384
G1 -3 1 2391
G1 -3 1 2399
G1 -3 2 2406
G1 -3 1 2414
G1 -3 1 2421
G1 -5 2 2432
G1 -5 3 2443
G1 -1 0 2446
G1 -3 2 2453
G1 -3 1 2461
G1 -3 2 2468
G1 -5 2 2479
G1 -5 2 2491
G1 -5 3 2502
G1 -5 2 2513
G1 -1 1 2516
G1 -5 3 2527
G1 -5 2 2538
G1 -3 2 2546
G1 -4 2 2555
G1 -5 3 2566
G1 -4 4 2578
G1 -5 3 2590
G1 -5 4 2602
G1 -3 2 2609
G1 -4 2 2617
G1 -3 3 2625
G1 -1 1 2628
G1 -5 4 2641
G1 -5 4 2653
G1 -3 3 2661
G1 -4 3 2669
G1 -3 3 2677
G1 -3 2 2683
G1 -2 3 2690
G1 -6 4 2702
G1 -5 5 2714
G1 -5 4 2726
G1 -6 5 2738
G1 -6 4 2749
G1 -5 5 2760
G1 -6 4 2772
G1 -4 2 2778
G1 -4 2 2785
G1 -4 3 2791
G1 -4 2 2798
G1 -4 2 2804
G1 -4 1 2809
G1 -5 2 2815
G1 -1 -2 2815
G1 -2 -1 2814
G1 2 1 2815
G1 1 2 2815
G1 5 -2 2809
G1 4 -1 2804
G1 4 -2 2797
G1 4 -3 2791
G1 4 -2 2784
G1 4 -2 2778
G1 4 -2 2772
G1 4 -3 2764
G1 4 -3 2756
G1 4 -3 2748
G1 5 -5 2737
G1 6 -4 2726
G1 3 -3 2718
G1 4 -3 2710
G1 3 -3 2702
G1 6 -4 2690
G1 5 -5 2678
G1 5 -4 2666
G1 3 -3 2658
G1 3 -3 2650
G1 3 -3 2642
G1 3 -2 2635
G1 3 -2 2628
G1 5 -4 2617
G1 5 -3 2605
G1 3 -3 2597
G1 3 -2 2589
G1 3 -2 2581
G1 5 -4 2570
G1 5 -3 2558
G1 1 -1 2555
G1 5 -3 2543
G1 5 -2 2532
G1 4 -2 2524
G1 3 -2 2516
G1 3 -2 2508
G1 4 -1 2501
G1 3 -2 2494
G1 3 -2 2486
G1 3 -1 2479
G1 3 -2 2471
G1 5 -2 2460
G1 5 -2 2449
G1 1 -1 2446
G1 3 -1 2439
G1 3 -2 2431
G1 4 -1 2424
G1 4 -2 2413
G1 5 -2 2402
G1 5 -2 2391
G1 4 -2 2380
G1 2 -1 2377
G1 3 -1 2369
G1 3 -1 2362
G1 3 -1 2355
G1 5 -2 2344
G1 4 -2 2333
G1 3 -1 2326
G1 3 -1 2318
G1 4 -1 2311
G1 3 -1 2304
G1 3 -1 2297
G1 3 -1 2289
G1 3 -1 2282
G1 3 -1 2275
G1 3 -1 2268
G1 5 -1 2257
G1 4 -2 2246
G1 5 -1 2235
G1 5 -1 2225
G1 3 -1 2217
G1 3 -1 2210
G1 3 0 2203
G1 5 -2 2193
G1 4 -1 2182
G1 4 0 2173
G1 3 -1 2168
G1 3 -1 2161
G1 3 0 2154
G1 3 -1 2147
G1 5 -1 2136
G1 5 0 2126
G1 3 -1 2119
G1 3 0 2112
G1 3 -1 2105
G1 2 0 2102
G1 4 -1 2091
G1 5 0 2081
G1 5 -1 2070
G1 5 -1 2060
G1 3 0 2053
G1 3 0 2046
G1 3 -1 2039
G1 3 0 2032
G1 3 0 2025
G1 3 -3 2015
G1 0 -2 2009
G1 0 -3 2003
G1 -1 -5 1994
G1 -1 -5 1985
G1 -1 -5 1976
G1 -1 -5 1967
G1 -2 -6 1959
G1 -1 -5 1950
G1 -2 -5 1942
G1 -1 -3 1937
G1 -1 -4 1931
G1 -1 -3 1926
G1 -2 -4 1920
G1 -1 -3 1915
G1 -1 -4 1909
G1 -1 -3 1905
G1 -2 -2 1901
G1 -2 -5 1894
G1 -2 -5 1888
G1 -2 -5 1881
G1 -3 -6 1873
G1 -2 -3 1869
G1 -1 -4 1864
G1 -2 -4 1859
G1 -2 -3 1854
G1 -2 -4 1850
G1 -2 -4 1845
G1 -2 -3 1841
G1 -2 -4 1836
G1 -2 -4 1831
G1 -3 -5 1825
G1 -2 -4 1821
G1 -2 -4 1817
G1 -3 -3 1813
G1 -2 -4 1809
G1 -2 -4 1805
G1 -3 -4 1802
G1 -1 -2 1800
G1 -3 -3 1796
G1 -3 -4 1793
G1 -2 -4 1790
G1 -4 -5 1785
G1 -5 -6 1783
G1 -5 -5 1781
G1 -2 -2 1780
G1 -4 -2 1786
G1 -5 -1 1791
G1 -1 2 1800
G1 -2 2 1808
G1 1 4 1814
G1 1 3 1820
G1 2 4 1826
G1 1 3 1831
G1 2 6 1839
G1 3 5 1847
G1 1 4 1852
G1 2 4 1857
G1 1 3 1862
G1 3 6 1870
G1 2 5 1878
G1 2 4 1885
G1 1 6 1894
G1 2 5 1902
G1 2 5 1911
G1 1 6 1920
G1 1 2 1925
G1 1 3 1929
G1 0 3 1936
G1 1 4 1942
G1 0 3 1949
G1 0 3 1956
G1 1 4 1963
G1 0 3 1969
G1 0 2 1973
G1 0 5 1984
G1 0 5 1995
G1 0 4 2006
G1 -1 5 2016
G1 -1 2 2024
G1 -1 3 2032
G1 -1 2 2041
G1 -1 3 2048
G1 -2 3 2056
G1 -3 3 2068
G1 -3 3 2081
G1 -1 2 2088
G1 -2 1 2096
G1 -3 2 2104
G1 -3 1 2111
G1 -3 1 2119
G1 -4 2 2130
G1 -3 1 2141
G1 -5 2 2152
G1 -4 2 2164
G1 -3 1 2171
G1 -3 1 2179
G1 -3 1 2186
G1 -3 1 2193
G1 -4 2 2205
G1 -4 1 2216
G1 -3 2 2224
G1 -3 1 2231
G1 -3 1 2239
G1 -5 2 2250
G1 -4 2 2261
G1 -3 1 2269
G1 -3 1 2277
G1 -3 2 2284
G1 -4 2 2296
G1 -5 2 2307
G1 -3 1 2316
G1 -4 2 2325
G1 -3 1 2332
G1 -3 1 2339
G1 -3 1 2346
G1 -4 1 2353
G1 -3 1 2360
G1 -3 1 2367
G1 -3 1 2375
G1 -5 -1 2381
G1 -5 -1 2388
G1 -5 -1 2395
G1 -5 0 2401
G1 -3 -2 2403
G1 -3 -2 2404
G1 -3 -1 2406
G1 -1 -1 2406
G1 -3 -3 2406
G1 -4 -4 2405
G1 -2 -2 2405
G1 -4 -4 2403
G1 -3 -4 2401
G1 -2 -3 2400
G1 -2 -2 2399
G1 -2 -3 2397
G1 -2 -3 2395
G1 -2 -3 2393
G1 -2 -4 2390
G1 -3 -4 2387
G1 -3 -4 2384
G1 -3 -4 2381
G1 -2 -3 2379
G1 -2 -3 2377
G1 -1 -3 2375
G1 -2 -2 2373
G1 -2 -3 2371
G1 -2 -3 2369
G1 -3 -4 2366
G1 -3 -4 2363
G1 -2 -3 2362
G1 -2 -3 2360
G1 -2 -2 2358
G1 -3 -4 2356
G1 -4 -4 2354
G1 -3 -4 2351
G1 -3 -4 2349
G1 -3 -4 2347
G1 -3 -4 2345
G1 -2 -3 2344
G1 -3 -3 2342
G1 -2 -2 2341
G1 -3 -4 2339
G1 -4 -4 2338
G1 -3 -4 2336
G1 -3 -4 2335
G1 -3 -2 2334
G1 -2 -3 2333
G1 -2 -3 2332
G1 -4 -3 2330
G1 -3 -4 2329
G1 -3 -3 2328
G1 -2 -2 2328
G1 -2 -3 2327
G1 -4 -3 2326
G1 -4 -4 2325
G1 -2 -3 2325
G1 -3 -2 2324
G1 -2 -2 2324
G1 -4 -4 2323
G1 -3 -4 2322
G1 -3 -2 2322
G1 -2 -2 2322
G1 -3 -3 2322
G1 -4 -3 2321
G1 -4 -4 2321
G1 -2 -2 2321
G1 -3 -2 2321
G1 -2 -3 2321
G1 -4 -3 2321
G1 -4 -4 2321
G1 -4 -3 2321
G1 -3 -3 2321
G1 -4 -4 2321
G1 -4 -3 2320
G1 -2 -2 2319
G1 -2 -2 2319
G1 -2 -5 2314
G1 -3 -5 2309
G1 1 -5 2298
G1 1 -4 2287
G1 2 -3 2279
G1 2 -3 2271
G1 1 -3 2263
G1 1 -1 2259
G1 2 -2 2251
G1 2 -3 2243
G1 2 -2 2235
G1 1 -3 2226
G1 2 -2 2218
G1 2 -3 2210
G1 3 -3 2198
G1 2 -4 2185
G1 2 -3 2177
G1 2 -2 2169
G1 2 -2 2161
G1 1 -3 2153
G1 2 -2 2144
G1 2 -3 2136
G1 3 -3 2124
G1 2 -4 2111
G1 2 -2 2103
G1 1 -3 2095
G1 2 -2 2087
G1 2 -2 2078
G1 4 -3 2066
G1 3 -2 2054
G1 3 -2 2046
G1 3 0 2039
G1 3 0 2033
G1 4 1 2027
G1 5 0 2018
G1 5 2 2012
G1 5 2 2006
G1 4 2 2003
G1 4 1 1999
G1 3 2 1997
G1 4 2 1995
G1 3 2 1992
G1 5 4 1989
G1 6 3 1986
G1 2 2 1985
G1 5 3 1983
G1 5 4 1981
G1 4 2 1979
G1 3 3 1978
G1 3 2 1976
G1 4 2 1974
G1 4 2 1971
G1 2 1 1970
G1 4 2 1965
G1 5 2 1959
G1 3 -1 1952
G1 3 0 1945
G1 -1 -4 1937
G1 0 -4 1929
G1 -4 -5 1927
G1 -5 -5 1925
G1 -3 -3 1924
G1 -5 -5 1924
G1 -5 -4 1925
G1 -4 -3 1925
G1 -3 -3 1926
G1 -4 -2 1926
G1 -3 -3 1927
G1 -5 -4 1927
G1 -5 -5 1927
G1 -5 -4 1927
G1 -5 -4 1928
G1 -3 -3 1928
G1 -3 -3 1929
G1 -4 -3 1929
G1 -3 -2 1929
G1 -4 -3 1930
G1 -3 -3 1931
G1 -3 -3 1931
G1 -4 -3 1932
G1 -3 -2 1933
G1 -4 -3 1933
G1 -3 -3 1934
G1 -4 -2 1935
G1 -5 -4 1936
G1 -5 -4 1938
G1 -5 -4 1940
G1 -5 -4 1941
G1 -4 -3 1942
G1 -3 -2 1944
G1 -4 -3 1945
G1 -1 -1 1945
G1 -4 -3 1946
G1 -3 -2 1947
G1 -4 -3 1948
G1 -3 -2 1950
G1 -4 -3 1951
G1 -3 -3 1952
G1 -5 -3 1954
G1 -6 -4 1956
G1 -4 -3 1958
G1 1 -4 1946
G1 2 -4 1934
G1 1 -3 1926
G1 1 -3 1918
G1 1 -2 1910
G1 1 -4 1898
G1 2 -4 1886
G1 1 -4 1874
G1 1 -4 1862
G1 2 -4 1850
G1 1 -4 1838
G1 1 -4 1826
G1 1 -4 1814
G1 1 -4 1802
G1 2 -4 1790
G1 0 -3 1782
G1 1 -3 1774
G1 1 -3 1766
G1 0 -2 1758
G1 1 -3 1750
G1 1 -3 1742
G1 1 -4 1730
G1 1 -4 1718
G1 0 -4 1707
G1 1 -4 1696
G1 -4 -2 1700
G1 -4 -2 1703
G1 -4 -3 1703
G1 -3 -3 1704
G1 -2 -4 1699
G1 -2 -3 1695
G1 1 -4 1683
G1 0 -5 1672
G1 1 -4 1660
G1 0 -5 1648
G1 1 -2 1640
G1 0 -3 1632
G1 0 -3 1625
G1 0 -3 1618
G1 2 -4 1606
G1 1 -3 1594
G1 1 -3 1583
G1 2 -3 1573
G1 1 -3 1563
G1 0 -3 1555
G1 0 -3 1547
G1 1 -3 1539
G1 0 -2 1534
G1 -1 -5 1522
G1 0 -5 1511
G1 0 -2 1506
G1 -2 -5 1497
G1 -1 -4 1489
G1 -1 -4 1481
G1 -1 -4 1474
G1 -1 -3 1467
G1 -1 -4 1461
G1 -1 -3 1455
G1 -1 -5 1443
G1 0 -5 1432
G1 -1 -5 1420
G1 -1 -5 1409
G1 -1 -6 1398
G1 -1 -5 1386
G1 0 -3 1380
G1 5 0 1368
G1 4 3 1364
G1 5 2 1360
G1 5 4 1359
G1 6 5 1357
G1 5 5 1359
G1 4 4 1361
G1 4 5 1365
G1 3 5 1370
G1 4 5 1374
G1 3 4 1378
G1 3 5 1382
G1 6 7 1388
G1 6 7 1393
G1 5 5 1395
G1 5 5 1396
G1 4 5 1397
G1 4 4 1398
G1 9 6 1397
G1 8 7 1395
G1 8 7 1394
G1 8 6 1392
G1 6 6 1391
G1 6 5 1390
G1 6 4 1389
G1 5 4 1388
G1 6 5 1386
G1 7 5 1384
G1 6 6 1383
G1 9 5 1379
G1 8 6 1374
G1 7 5 1371
G1 6 4 1368
G1 5 4 1366
G1 6 4 1363
G1 6 4 1360
G1 5 4 1358
G1 6 4 1355
G1 9 6 1352
G1 8 7 1348
G1 6 4 1346
G1 6 4 1344
G1 6 5 1342
G1 8 7 1339
G1 9 6 1336
G1 6 5 1335
G1 6 4 1333
G1 6 5 1331
G1 6 5 1330
G1 5 4 1329
G1 6 5 1327
G1 9 7 1325
G1 9 7 1324
G1 7 6 1322
G1 8 6 1321
G1 9 8 1320
G1 8 7 1319
G1 6 5 1319
G1 6 5 1318
G1 6 5 1318
G1 9 8 1317
G1 8 8 1317
G1 6 5 1317
G1 6 5 1317
G1 6 5 1317
G1 7 6 1317
G1 8 8 1318
G1 9 8 1319
G1 5 5 1319
G1 6 6 1320
G1 6 5 1320
G1 5 5 1321
G1 6 5 1322
G1 5 6 1323
G1 8 7 1325
G1 9 8 1326
G1 6 7 1328
G1 6 5 1329
G1 5 6 1331
G1 5 5 1332
G1 8 8 1335
G1 8 8 1337
G1 5 5 1339
G1 5 5 1341
G1 5 5 1343
G1 8 8 1346
G1 7 8 1350
G1 6 7 1352
G1 5 5 1355
G1 5 5 1357
G1 5 5 1360
G1 4 6 1362
G1 5 5 1365
G1 5 5 1368
G1 4 5 1371
G1 5 5 1373
G1 4 4 1373
G1 0 -3 1367
G1 -4 -7 1358
G1 -3 -6 1348
G1 -4 -7 1339
G1 -4 -7 1330
G1 -3 -5 1324
G1 -3 -5 1318
G1 -2 -5 1312
G1 -3 -4 1306
G1 -3 -5 1300
G1 -3 -5 1294
G1 -4 -6 1287
G1 -3 -5 1281
G1 -3 -6 1275
G1 -4 -5 1269
G1 -5 -7 1261
G1 -5 -8 1252
G1 -4 -6 1247
G1 -3 -5 1242
G1 -4 -5 1236
G1 -6 -9 1228
G1 -6 -8 1220
G1 -5 -7 1214
G1 -7 -8 1206
G1 -6 -9 1199
G1 -5 -6 1194
G1 -4 -6 1189
G1 -5 -6 1184
G1 -7 -9 1177
G1 -7 -9 1170
G1 -5 -6 1165
G1 -6 -7 1161
G1 -5 -6 1156
G1 -6 -8 1151
G1 -8 -9 1145
G1 -9 -10 1138
G1 -6 -7 1134
G1 -5 -6 1131
G1 -6 -7 1127
G1 -6 -7 1123
G1 -6 -7 1119
G1 -7 -6 1116
G1 -9 -11 1110
G1 -10 -10 1105
G1 -8 -9 1101
G1 -10 -11 1097
G1 -10 -10 1092
G1 -7 -8 1090
G1 -7 -7 1087
G1 -7 -7 1084
G1 -11 -11 1081
G1 -11 -12 1077
G1 -8 -7 1075
G1 -8 -8 1073
G1 -7 -7 1071
G1 -10 -9 1069
G1 -8 -8 1067
G1 -7 -7 1065
G1 -8 -8 1064
G1 -3 -3 1063
G1 -9 -7 1063
G1 -8 -8 1062
G1 -8 -8 1061
G1 -8 -7 1061
G1 -9 -8 1060
G1 -8 -7 1060
G1 -8 -8 1060
G1 -13 -10 1062
G1 -13 -11 1064
G1 -8 -7 1065
G1 -9 -7 1067
G1 -8 -7 1068
G1 -8 -6 1070
G1 -8 -6 1073
G1 -8 -6 1076
G1 -8 -6 1079
G1 -12 -9 1084
G1 -11 -8 1088
G1 -7 -5 1093
G1 -7 -4 1098
G1 -7 -5 1103
G1 -7 -4 1108
G1 -5 -1 1115
G1 -5 -2 1122
G1 -5 -2 1129
G1 -1 0 1131
G1 -3 0 1139
G1 -3 0 1147
G1 -3 0 1155
G1 -2 0 1160
G1 -3 1 1168
G1 -2 1 1176
G1 -3 1 1184
G1 -2 1 1192
G1 -2 1 1201
G1 -5 -1 1207
G1 -4 -1 1214
G1 -6 -4 1219
G1 -6 -3 1224
G1 -6 -5 1225
G1 -6 -5 1227
G1 -4 -5 1224
G1 -5 -5 1221
G1 -2 -5 1214
G1 -2 -4 1207
G1 -2 -5 1200
G1 0 -1 1198
G1 -3 -6 1187
G1 -3 -6 1177
G1 -1 -4 1170
G1 -2 -5 1162
G1 -2 -4 1155
G1 -1 -4 1147
G1 -2 -5 1140
G1 -2 -4 1132
G1 -3 -6 1123
G1 -2 -6 1114
G1 -5 -8 1104
G1 -4 -8 1093
G1 -5 -7 1084
G1 -4 -7 1075
G1 -4 -6 1069
G1 -4 -6 1063
G1 -5 -6 1056
G1 -4 -7 1050
G1 -5 -7 1043
G1 -6 -7 1038
G1 -6 -7 1032
G1 -6 -7 1027
G1 -1 -2 1025
G1 -9 -11 1017
G1 -9 -11 1009
G1 -9 -10 1002
G1 -9 -11 996
G1 -8 -10 988
G1 -9 -11 980
G1 0 -3 973
G1 -1 -3 966
G1 5 3 959
G1 6 2 953
G1 10 8 950
G1 10 8 946
G1 11 8 943
G1 5 4 942
G1 10 10 944
G1 10 9 945
G1 10 10 947
G1 10 9 950
G1 9 10 952
G1 10 9 954
G1 9 9 957
G1 9 10 960
G1 10 9 963
G1 7 7 965
G1 9 9 966
G1 10 9 967
G1 10 9 968
G1 10 9 969
G1 9 9 971
G1 10 9 972
G1 4 4 973
G1 10 9 973
G1 10 9 973
G1 10 9 972
G1 10 9 973
G1 10 9 973
G1 10 9 973
G1 11 9 974
G1 10 10 975
G1 10 9 975
G1 10 9 975
G1 10 9 976
G1 10 9 976
G1 9 9 977
G1 10 8 978
G1 14 13 979
G1 14 14 981
G1 14 13 982
G1 15 13 984
G1 9 9 985
G1 9 9 986
G1 10 8 988
G1 9 9 989
G1 9 9 991
G1 9 9 993
G1 9 8 995
G1 9 9 997
G1 8 8 999
G1 10 10 1002
G1 9 9 1005
G1 8 8 1007
G1 8 8 1010
G1 8 9 1013
G1 8 8 1016
G1 8 8 1019
G1 12 12 1024
G1 11 12 1029
G1 8 8 1032
G1 7 8 1036
G1 7 7 1040
G1 10 12 1045
G1 11 11 1051
G1 6 8 1056
G1 7 7 1060
G1 6 7 1064
G1 9 11 1071
G1 10 10 1077
G1 5 7 1082
G1 6 7 1087
G1 6 7 1092
G1 6 8 1097
G1 6 8 1103
G1 6 6 1108
G1 5 7 1113
G1 5 6 1118
G1 5 6 1124
G1 4 6 1129
G1 5 7 1134
G1 7 9 1142
G1 7 9 1151
G1 4 6 1156
G1 4 5 1162
G1 4 6 1168
G1 5 7 1174
G1 3 5 1180
G1 4 6 1186
G1 4 5 1192
G1 5 8 1201
G1 5 9 1210
G1 5 7 1219
G1 5 8 1228
G1 3 5 1235
G1 3 5 1241
G1 3 5 1247
G1 3 6 1254
G1 3 6 1262
G1 3 4 1268
G1 2 5 1275
G1 3 5 1281
G1 3 6 1291
G1 4 7 1301
G1 1 2 1304
G1 2 5 1311
G1 2 4 1317
G1 3 5 1324
G1 3 7 1334
G1 3 6 1343
G1 3 7 1353
G1 3 6 1363
G1 3 7 1373
G1 3 6 1383
G1 1 4 1390
G1 2 4 1397
G1 1 4 1404
G1 1 4 1411
G1 2 4 1418
G1 1 4 1426
G1 2 5 1436
G1 1 6 1447
G1 2 5 1456
G1 1 4 1465
G1 1 4 1471
G1 2 4 1478
G1 1 4 1485
G1 1 4 1492
G1 1 3 1498
G1 2 6 1509
G1 1 5 1520
G1 0 2 1524
G1 1 5 1535
G1 1 5 1546
G1 0 3 1554
G1 0 4 1561
G1 0 3 1569
G1 1 4 1578
G1 0 3 1586
G1 0 3 1594
G1 0 3 1601
G1 0 3 1610
G1 0 4 1618
G1 -6 -2 1626
G1 -4 -4 1625
G1 -3 -3 1624
G1 -3 -4 1620
G1 -3 -4 1617
G1 -3 -4 1613
G1 -2 -4 1610
G1 -3 -4 1606
G1 -3 -4 1601
G1 -3 -4 1597
G1 -2 -5 1593
G1 -3 -4 1589
G1 -4 -6 1582
G1 -5 -6 1576
G1 -1 -3 1573
G1 -3 -4 1570
G1 -3 -4 1566
G1 -4 -5 1562
G1 -5 -6 1557
G1 -5 -7 1552
G1 -3 -4 1548
G1 -4 -5 1545
G1 -3 -4 1542
G1 -5 -7 1537
G1 -6 -6 1532
G1 0 -1 1532
G1 -5 -6 1527
G1 -6 -7 1522
G1 -3 -5 1518
G1 -4 -4 1515
G1 -4 -5 1512
G1 -4 -4 1509
G1 -3 -5 1506
G1 -4 -4 1503
G1 -6 -7 1499
G1 -6 -7 1495
G1 -4 -5 1492
G1 -4 -4 1490
G1 -4 -5 1487
G1 -4 -4 1485
G1 -4 -5 1483
G1 -4 -4 1480
G1 -5 -5 1478
G1 -4 -5 1476
G1 -4 -4 1474
G1 -7 -7 1471
G1 -6 -7 1468
G1 -6 -6 1466
G1 -4 -5 1464
G1 -5 -4 1463
G1 -4 -5 1461
G1 -5 -4 1460
G1 -4 -5 1458
G1 -5 -5 1457
G1 -4 -4 1455
G1 -5 -5 1454
G1 -5 -5 1453
G1 -4 -4 1452
G1 -5 -5 1451
G1 -5 -4 1450
G1 -6 -6 1449
G1 -5 -5 1448
G1 -4 -4 1447
G1 -5 -5 1447
G1 -7 -7 1446
G1 -8 -6 1445
G1 -5 -5 1445
G1 -5 -4 1445
G1 -5 -5 1444
G1 -5 -4 1444
G1 -4 -5 1444
G1 -5 -4 1444
G1 -7 -6 1444
G1 -7 -6 1444
G1 -8 -7 1445
G1 -2 -2 1445
G1 -5 -4 1445
G1 -5 -4 1446
G1 -5 -5 1447
G1 -8 -6 1448
G1 -8 -6 1449
G1 -5 -4 1450
G1 -5 -5 1451
G1 -5 -4 1453
G1 -5 -4 1454
G1 -5 -4 1455
G1 -5 -4 1456
G1 -6 -5 1458
G1 -8 -5 1460
G1 -8 -6 1463
G1 -5 -4 1464
G1 -5 -4 1466
G1 -5 -4 1468
G1 -5 -4 1470
G1 -5 -3 1472
G1 -5 -4 1474
G1 -8 -6 1477
G1 -8 -5 1480
G1 -6 -4 1483
G1 -7 -6 1487
G1 -8 -5 1490
G1 -5 -3 1493
G1 -5 -4 1495
G1 -5 -3 1498
G1 -7 -5 1502
G1 -8 -5 1506
G1 -4 -3 1509
G1 -5 -4 1512
G1 -5 -3 1515
G1 -6 -3 1519
G1 -5 -4 1522
G1 -5 -3 1525
G1 -5 -3 1528
G1 -4 -2 1531
G1 -5 -3 1536
G1 -5 -3 1540
G1 -4 -2 1544
G1 -5 -3 1548
G1 -5 -2 1552
G1 -4 -3 1556
G1 -1 0 1557
G1 -7 -3 1566
G1 -7 -2 1574
G1 -6 -3 1582
G1 -6 -2 1590
G1 -4 -1 1596
G1 -4 -1 1603
G1 -4 -1 1609
G1 -4 0 1616
G1 -4 -1 1623
G1 -5 1 1635
G1 -4 0 1647
G1 -3 1 1654
G1 -3 1 1662
G1 -2 0 1670
G1 -3 1 1678
G1 -3 1 1685
G1 -3 -1 1690
G1 -4 -1 1696
G1 4 1 1690
G1 3 1 1685
G1 3 -1 1677
G1 3 -1 1669
G1 3 0 1661
G1 2 -1 1654
G1 5 -1 1643
G1 4 -1 1631
G1 3 0 1623
G1 4 1 1617
G1 4 0 1610
G1 3 1 1604
G1 5 1 1597
G1 4 1 1590
G1 4 1 1584
G1 4 2 1579
G1 5 2 1573
G1 6 2 1565
G1 7 3 1557
G1 4 2 1553
G1 5 3 1549
G1 5 2 1545
G1 4 3 1541
G1 5 2 1537
G1 5 3 1532
G1 1 1 1531
G1 5 3 1528
G1 5 3 1525
G1 4 3 1522
G1 5 3 1519
G1 7 4 1514
G1 8 5 1510
G1 5 3 1507
G1 5 4 1504
G1 4 3 1501
G1 8 5 1497
G1 7 5 1493
G1 8 5 1489
G1 8 5 1486
G1 5 5 1483
G1 8 5 1480
G1 8 5 1476
G1 5 4 1474
G1 5 4 1472
G1 5 4 1470
G1 5 3 1468
G1 5 4 1466
G1 5 4 1465
G1 8 6 1462
G1 8 6 1460
G1 6 4 1458
G1 5 4 1457
G1 5 5 1455
G1 5 4 1454
G1 5 4 1453
G1 5 4 1452
G1 5 4 1451
G1 8 6 1449
G1 8 6 1448
G1 5 5 1447
G1 5 4 1446
G1 5 4 1446
G1 6 5 1445
G1 8 7 1444
G1 7 6 1444
G1 2 2 1444
G1 5 5 1444
G1 5 4 1444
G1 5 5 1444
G1 8 6 1444
G1 7 7 1445
G1 7 7 1445
G1 8 7 1446
G1 5 4 1447
G1 4 5 1447
G1 5 4 1448
G1 6 6 1449
G1 7 7 1450
G1 8 7 1452
G1 7 7 1453
G1 7 7 1455
G1 6 6 1457
G1 7 7 1459
G1 5 5 1461
G1 4 5 1462
G1 5 4 1464
G1 5 6 1466
G1 7 7 1469
G1 7 7 1472
G1 6 7 1475
G1 6 7 1478
G1 7 7 1481
G1 6 7 1484
G1 4 4 1487
G1 4 5 1489
G1 4 4 1492
G1 5 6 1495
G1 6 7 1499
G1 6 7 1503
G1 4 4 1506
G1 4 5 1509
G1 3 4 1512
G1 6 7 1517
G1 5 7 1522
G1 6 7 1527
G1 5 6 1532
G1 3 5 1535
G1 4 4 1538
G1 4 5 1541
G1 5 6 1546
G1 5 7 1551
G1 5 6 1557
G1 5 7 1562
G1 3 4 1566
G1 3 5 1569
G1 4 4 1573
G1 4 7 1580
G1 4 6 1586
G1 2 2 1589
G1 3 5 1593
G1 3 4 1597
G1 2 4 1601
G1 3 4 1606
G1 3 4 1610
G1 3 4 1614
G1 3 5 1617
G1 3 4 1621
G1 2 3 1624
G1 3 3 1625
G1 4 4 1626
G1 6 2 1618
G1 0 -5 1606
G1 0 -4 1595
G1 0 -4 1587
G1 0 -3 1578
G1 -1 -5 1567
G1 0 -5 1556
G1 0 -3 1548
G1 -1 -4 1541
G1 0 -3 1533
G1 -1 -4 1524
G1 0 -4 1516
G1 -1 -3 1509
G1 -1 -4 1502
G1 -1 -2 1498
G1 -1 -4 1491
G1 -1 -4 1484
G1 -2 -3 1477
G1 -1 -4 1471
G1 -1 -4 1465
G1 -1 -4 1457
G1 -1 -3 1450
G1 -1 -4 1443
G1 -2 -6 1432
G1 -2 -5 1422
G1 -1 -4 1415
G1 -1 -4 1408
G1 -2 -4 1400
G1 -1 -5 1392
G1 -2 -5 1383
G1 -2 -4 1377
G1 -2 -4 1370
G1 -2 -5 1363
G1 -3 -6 1353
G1 -3 -7 1343
G1 -3 -6 1333
G1 -3 -7 1324
G1 -4 -7 1314
G1 -3 -7 1304
G1 -3 -4 1298
G1 -2 -5 1291
G1 -2 -4 1284
G1 -4 -7 1275
G1 -3 -7 1265
G1 -2 -2 1262
G1 -3 -6 1254
G1 -3 -5 1248
G1 -3 -5 1242
G1 -2 -5 1236
G1 -4 -5 1229
G1 -3 -5 1223
G1 -3 -5 1217
G1 -5 -8 1208
G1 -5 -8 1199
G1 -4 -6 1193
G1 -3 -5 1187
G1 -4 -6 1181
G1 -4 -6 1174
G1 -6 -9 1166
G1 -7 -8 1157
G1 -4 -6 1152
G1 -4 -6 1146
G1 -5 -6 1140
G1 -7 -9 1132
G1 -7 -10 1124
G1 -7 -9 1117
G1 -7 -10 1109
G1 -7 -7 1103
G1 -8 -10 1096
G1 -8 -10 1088
G1 -9 -11 1081
G1 -8 -10 1074
G1 -7 -7 1070
G1 -6 -8 1066
G1 -6 -7 1061
G1 -10 -11 1055
G1 -10 -11 1049
G1 -7 -7 1045
G1 -7 -8 1041
G1 -7 -8 1037
G1 -7 -8 1034
G1 -7 -7 1030
G1 -8 -8 1026
G1 -11 -12 1022
G1 -12 -12 1017
G1 -8 -9 1014
G1 -8 -8 1011
G1 -8 -8 1008
G1 -10 -10 1005
G1 -10 -10 1002
G1 -8 -8 1000
G1 -9 -9 997
G1 -9 -8 995
G1 -13 -13 992
G1 -14 -13 989
G1 -9 -9 988
G1 -9 -9 986
G1 -9 -9 985
G1 -10 -9 984
G1 -9 -8 983
G1 -10 -9 982
G1 -11 -10 981
G1 -10 -9 980
G1 -9 -9 979
G1 -10 -9 978
G1 -9 -9 977
G1 -10 -9 976
G1 -10 -9 976
G1 -14 -13 975
G1 -15 -13 975
G1 -10 -9 974
G1 -9 -9 974
G1 -10 -9 973
G1 -15 -13 973
G1 -15 -13 972
G1 -11 -10 973
G1 -11 -10 973
G1 -9 -9 971
G1 -10 -9 970
G1 -9 -9 968
G1 -10 -9 967
G1 -10 -9 966
G1 -10 -9 965
G1 -4 -4 965
G1 -9 -9 962
G1 -10 -9 959
G1 -9 -10 956
G1 -9 -9 954
G1 -10 -9 952
G1 -9 -10 949
G1 -10 -9 947
G1 -10 -10 945
G1 -10 -9 943
G1 -8 -8 942
G1 7 4 935
G1 7 3 927
G1 7 3 920
G1 7 4 913
G1 7 4 906
G1 7 4 899
G1 8 5 892
G1 8 4 886
G1 8 5 879
G1 13 8 869
G1 13 7 859
G1 10 7 852
G1 9 6 846
G1 10 6 839
G1 10 7 833
G1 11 7 827
G1 10 7 820
G1 11 8 814
G1 12 8 809
G1 11 8 803
G1 13 9 797
G1 13 9 791
G1 13 10 786
G1 14 10 781
G1 14 11 775
G1 14 10 770
G1 15 12 765
G1 16 13 761
G1 15 12 756
G1 17 13 752
G1 17 14 748
G1 17 13 743
G1 26 21 738
G1 -20 -18 738
G1 -20 -18 737
G1 -20 -17 736
G1 -20 -18 736
G1 -20 -18 737
G1 -20 -17 737
G1 -5 -5 737
G1 -19 -18 737
G1 -20 -17 737
G1 -20 -18 737
G1 -20 -17 738
G1 -20 -18 739
G1 -20 -17 739
G1 -22 -19 741
G1 -20 -17 741
G1 -19 -18 742
G1 -20 -17 742
G1 -19 -17 744
G1 -19 -16 745
G1 -20 -17 746
G1 -21 -18 748
G1 -19 -16 750
G1 -19 -16 751
G1 -18 -17 753
G1 -18 -15 755
G1 -18 -15 758
G1 -18 -15 760
G1 -22 -18 764
G1 -22 -18 768
G1 -17 -14 771
G1 -17 -14 773
G1 -16 -14 776
G1 -16 -13 780
G1 -16 -12 783
G1 -16 -13 786
G1 -19 -15 791
G1 -19 -15 796
G1 -14 -12 800
G1 -15 -11 804
G1 -14 -12 808
G1 -14 -10 812
G1 -14 -11 816
G1 -13 -11 820
G1 -12 -8 824
G1 -11 -9 829
G1 -13 -10 832
G1 -13 -10 836
G1 -13 -10 840
G1 -19 -14 847
G1 -18 -14 853
G1 -12 -9 858
G1 -12 -9 862
G1 -12 -9 867
G1 -12 -9 871
G1 -11 -8 875
G1 -11 -9 880
G1 -11 -8 885
G1 -3 -2 886
G1 -12 -9 889
G1 -11 -9 893
G1 -12 -10 896
G1 -12 -9 900
G1 -12 -9 904
G1 -12 -10 905
G1 -11 -9 907
G1 -12 -10 909
G1 -13 -11 911
G1 -11 -10 911
G1 -11 -10 911
G1 -12 -10 911
G1 -12 -11 911
G1 -11 -10 910
G1 -11 -11 908
G1 -11 -10 906
G1 -15 -14 905
G1 -11 -11 902
G1 -11 -10 899
G1 -10 -11 897
G1 -11 -10 895
G1 -11 -10 892
G1 -10 -11 889
G1 -11 -10 886
G1 -10 -11 883
G1 -13 -12 879
G1 -13 -13 876
G1 -10 -10 873
G1 -11 -11 869
G1 -11 -11 865
G1 -13 -14 861
G1 -14 -13 857
G1 -11 -11 853
G1 -11 -11 849
G1 -11 -12 845
G1 -15 -15 841
G1 -15 -15 836
G1 -12 -12 832
G1 -12 -12 828
G1 -11 -12 824
G1 -19 -18 818
G1 -19 -19 813
G1 -13 -13 809
G1 -13 -13 806
G1 -14 -13 803
G1 -14 -14 800
G1 -14 -14 797
G1 -15 -14 794
G1 -15 -14 792
G1 -15 -14 790
G1 -15 -15 788
G1 -16 -14 786
G1 -16 -15 784
G1 -16 -15 783
G1 -14 -13 782
G1 -14 -12 781
G1 -17 -15 781
G1 -17 -15 780
G1 -16 -15 780
G1 -17 -15 780
G1 -17 -15 781
G1 -17 -15 781
G1 -17 -15 782
G1 -16 -14 783
G1 -17 -15 784
G1 -17 -14 786
G1 -16 -14 787
G1 -16 -14 789
G1 -14 -11 791
G1 -14 -11 793
G1 -15 -13 796
G1 -16 -13 798
G1 -15 -13 801
G1 -15 -12 804
G1 -14 -11 808
G1 -15 -12 811
G1 -14 -11 815
G1 -14 -11 819
G1 -14 -11 822
G1 -13 -10 827
G1 -13 -10 831
G1 -13 -10 835
G1 -10 -8 839
G1 -11 -8 843
G1 -11 -8 848
G1 -12 -9 853
G1 -12 -8 858
G1 -16 -12 866
G1 -16 -11 874
G1 -10 -7 880
G1 -10 -7 885
G1 -10 -7 891
G1 -10 -6 897
G1 -9 -6 903
G1 -9 -6 908
G1 -8 -5 914
G1 -7 -5 919
G1 -9 -5 925
G1 -8 -5 931
G1 -8 -5 937
G1 -12 -7 947
G1 -12 -7 957
G1 -7 -4 963
G1 -7 -4 970
G1 -7 -4 976
G1 -10 -5 987
G1 -11 -6 997
G1 -5 -2 1002
G1 -6 -3 1008
G1 -6 -3 1015
G1 -6 -3 1022
G1 -6 -3 1029
G1 -6 -3 1036
G1 -6 -2 1043
G1 -6 -3 1050
G1 -8 -3 1061
G1 -8 -3 1072
G1 -5 -2 1079
G1 -6 -2 1086
G1 -5 -2 1093
G1 -4 -2 1099
G1 -4 -1 1106
G1 -4 -1 1111
G1 -4 -1 1118
G1 -4 -1 1126
G1 -4 -1 1134
G1 -6 -1 1145
G1 -6 0 1157
G1 -1 -1 1158
G1 -3 2 1171
G1 -3 2 1183
G1 -2 1 1192
G1 -2 2 1200
G1 0 3 1208
G1 -1 3 1216
G1 0 3 1225
G1 0 4 1237
G1 5 8 1245
G1 5 7 1254
G1 2 4 1258
G1 5 5 1260
G1 6 6 1263
G1 5 6 1265
G1 5 6 1268
G1 6 5 1271
G1 6 6 1270
G1 6 5 1269
G1 6 5 1269
G1 9 7 1268
G1 6 6 1267
G1 7 5 1266
G1 6 5 1265
G1 1 1 1264
G1 1 3 1270
G1 1 3 1276
G1 -3 0 1283
G1 -4 0 1291
G1 -3 0 1299
G1 -2 0 1303
G1 -5 -2 1309
G1 -5 -3 1315
G1 -5 -2 1321
G1 -3 -1 1325
G1 -6 -3 1330
G1 -6 -3 1334
G1 -5 -4 1339
G1 -7 -4 1345
G1 -6 -4 1347
G1 -6 -4 1349
G1 -6 -5 1351
G1 -5 -4 1354
G1 -6 -4 1356
G1 -6 -4 1358
G1 -8 -7 1362
G1 -9 -6 1365
G1 -5 -4 1368
G1 -6 -3 1370
G1 -5 -4 1373
G1 -8 -7 1375
G1 -8 -6 1376
G1 -5 -4 1378
G1 -6 -4 1379
G1 -7 -8 1377
G1 -8 -7 1375
G1 -5 -5 1374
G1 -6 -8 1368
G1 -5 -7 1361
G1 -5 -6 1357
G1 -4 -6 1352
G1 -2 -4 1345
G1 -3 -5 1339
G1 -2 -4 1332
G1 -3 -6 1324
G1 -3 -7 1315
G1 -1 -5 1303
G1 -1 -5 1292
G1 -1 -4 1284
G1 -1 -3 1277
G1 0 -4 1269
G1 -1 -3 1262
G1 0 -3 1254
G1 1 -3 1246
G1 0 -3 1238
G1 0 -4 1226
G1 1 -4 1214
G1 0 -4 1203
G1 0 -4 1193
G1 -3 -3 1192
G1 -6 -4 1197
G1 -7 -4 1201
G1 -6 -4 1206
G1 -10 -5 1213
G1 -9 -6 1220
G1 -6 -3 1225
G1 -6 -4 1230
G1 -6 -4 1235
G1 -6 -3 1240
G1 -6 -3 1245
G1 -1 0 1245
G1 -6 -4 1250
G1 -6 -4 1254
G1 -6 -4 1259
G1 -9 -5 1266
G1 -9 -5 1273
G1 -8 -5 1280
G1 -9 -5 1287
G1 -2 -1 1289
G1 -6 -4 1292
G1 -6 -5 1295
G1 -6 -4 1298
G1 -6 -4 1301
G1 -6 -4 1305
G1 -6 -4 1308
G1 -6 -4 1311
G1 -5 -3 1314
G1 -6 -5 1316
G1 -6 -4 1318
G1 -6 -5 1319
G1 -9 -7 1322
G1 -9 -7 1325
G1 -8 -7 1327
G1 -6 -5 1326
G1 -5 -5 1325
G1 -6 -5 1324
G1 -7 -8 1322
G1 -4 -5 1318
G1 -5 -5 1314
G1 -4 -6 1310
G1 -5 -7 1305
G1 -6 -6 1299
G1 -3 -6 1294
G1 -4 -5 1289
G1 -3 -5 1283
G1 -6 -8 1275
G1 -5 -8 1267
G1 -2 -3 1264
G1 -3 -5 1258
G1 -3 -5 1252
G1 -3 -5 1246
G1 -4 -5 1240
G1 -3 -5 1234
G1 -3 -5 1228
G1 -4 -6 1222
G1 -3 -5 1215
G1 -3 -5 1209
G1 -3 -5 1202
G1 -5 -8 1193
G1 -4 -8 1183
G1 -4 -6 1176
G1 -3 -7 1166
G1 -3 -7 1155
G1 -4 -7 1144
G1 -3 -7 1133
G1 -1 -2 1131
G1 -2 -5 1119
G1 -1 -6 1107
G1 -1 -4 1099
G1 -1 -3 1091
G1 -1 -4 1083
G1 -1 -4 1076
G1 -1 -4 1068
G1 -2 -4 1060
G1 -1 -4 1054
G1 2 -3 1041
G1 2 -3 1029
G1 1 -3 1017
G1 2 -3 1004
G1 1 -2 996
G1 1 -2 988
G1 6 1 976
G1 7 1 964
G1 4 1 956
G1 4 1 948
G1 5 1 940
G1 5 2 933
G1 4 1 925
G1 7 3 918
G1 7 4 910
G1 7 4 903
G1 8 4 896
G1 7 4 889
G1 8 4 882
G1 12 7 872
G1 13 8 862
G1 2 1 860
G1 11 7 854
G1 10 7 848
G1 11 8 842
G1 11 8 836
G1 11 8 831
G1 12 8 825
G1 12 9 820
G1 12 9 815
G1 13 9 809
G1 14 10 804
G1 14 11 799
G1 14 11 795
G1 13 10 790
G1 16 12 786
G1 15 12 781
G1 15 12 777
G1 16 13 774
G1 16 13 770
G1 16 13 766
G1 19 15 763
G1 17 15 760
G1 18 15 757
G1 18 14 755
G1 18 16 753
G1 19 16 751
G1 18 15 749
G1 28 24 746
G1 19 17 745
G1 19 16 743
G1 19 17 742
G1 16 13 741
G1 15 13 741
G1 28 24 737
G1 28 24 733
G1 17 13 728
G1 17 13 723
G1 17 13 717
G1 9 7 715
G1 17 13 709
G1 18 14 703
G1 17 13 697
G1 20 16 692
G1 20 16 687
G1 21 16 682
G1 3 3 681
G1 24 20 676
G1 23 19 672
G1 24 19 667
G1 26 22 664
G1 27 23 660
G1 27 22 656
G1 30 26 654
G1 30 26 651
G1 30 25 649
G1 32 28 648
G1 32 28 646
G1 32 28 645
G1 27 25 645
G1 28 24 645
G1 32 29 646
G1 32 29 647
G1 32 29 648
G1 30 27 650
G1 29 27 652
G1 30 27 654
G1 30 28 658
G1 30 28 662
G1 25 24 665
G1 26 24 668
G1 25 23 671
G1 22 22 676
G1 22 21 680
G1 22 21 684
G1 22 21 690
G1 22 21 695
G1 20 20 699
G1 20 19 703
G1 20 19 707
G1 18 17 711
G1 17 18 716
G1 18 17 720
G1 20 21 727
G1 19 17 729
G1 19 18 732
G1 19 18 734
G1 18 17 737
G1 18 17 740
G1 17 17 744
G1 7 7 745
G1 20 17 745
G1 19 17 745
G1 19 17 744
G1 19 17 745
G1 20 17 745
G1 19 17 746
G1 1 1 746
G1 19 17 744
G1 19 16 742
G1 19 16 739
G1 20 17 738
G1 20 17 737
G1 20 17 735
G1 16 15 735
G1 17 14 734
G1 19 16 730
G1 19 16 727
G1 19 15 723
G1 21 18 720
G1 21 17 717
G1 20 17 714
G1 22 18 712
G1 18 14 706
G1 18 14 701
G1 18 15 695
G1 15 12 691
G1 16 12 687
G1 16 12 681
G1 17 13 674
G1 16 12 667
G1 21 16 661
G1 20 16 655
G1 21 16 648
G1 4 3 647
G1 24 19 641
G1 25 20 635
G1 24 19 629
G1 31 26 624
G1 31 26 619
G1 31 25 613
G1 6 5 613
G1 42 38 611
G1 43 37 610
G1 39 36 612
G1 40 36 615
G1 39 36 617
G1 22 20 619
G1 24 23 625
G1 25 24 631
G1 24 24 637
G1 18 19 643
G1 19 18 650
G1 18 19 657
G1 15 16 664
G1 15 16 671
G1 14 17 683
G1 14 16 694
G1 7 9 701
G1 1 5 713
G1 0 5 724
G1 -17 -14 731
G1 -18 -13 738
G1 -21 -18 739
G1 -21 -18 740
G1 -19 -18 740
G1 -20 -17 739
G1 -19 -18 738
G1 -27 -24 738
G1 -26 -23 738
G1 19 17 738
G1 20 18 738
G1 20 18 738
G1 26 23 739
G1 26 24 740
G1 21 18 739
G1 21 18 738
G1 18 13 731
G1 17 14 724
G1 0 -5 713
G1 -1 -5 701
G1 -12 -15 690
G1 -13 -15 679
G1 -10 -12 671
G1 -15 -15 665
G1 -14 -16 658
G1 -15 -16 651
G1 -20 -20 644
G1 -20 -20 638
G1 -20 -19 631
G1 -27 -27 625
G1 -27 -26 619
G1 -39 -36 616
G1 -38 -35 614
G1 -38 -35 611
G1 -25 -22 610
G1 -43 -37 611
G1 -42 -38 613
G1 -31 -26 618
G1 -32 -26 623
G1 -32 -26 628
G1 -24 -20 634
G1 -25 -19 640
G1 -24 -20 646
G1 -4 -3 647
G1 -21 -16 653
G1 -21 -16 660
G1 -20 -17 666
G1 -17 -12 673
G1 -17 -12 679
G1 -17 -13 686
G1 -2 -2 687
G1 -20 -15 693
G1 -19 -16 698
G1 -20 -15 703
G1 -13 -10 707
G1 -13 -11 712
G1 -22 -18 714
G1 -21 -17 717
G1 -21 -18 720
G1 -20 -16 723
G1 -19 -17 727
G1 -20 -16 730
G1 -18 -15 734
G1 -20 -17 735
G1 -20 -18 736
G1 -20 -17 737
G1 -20 -17 739
G1 -19 -17 740
G1 -20 -16 742
G1 -15 -13 744
G1 -16 -14 746
G1 -19 -17 745
G1 -19 -17 745
G1 -19 -17 744
G1 -20 -17 745
G1 -19 -17 745
G1 -19 -17 745
G1 -2 -1 745
G1 -17 -17 742
G1 -17 -17 739
G1 -18 -16 735
G1 -19 -18 733
G1 -19 -18 730
G1 -18 -18 728
G1 -9 -7 727
G1 -16 -17 722
G1 -17 -16 717
G1 -17 -17 712
G1 -19 -18 708
G1 -19 -19 704
G1 -19 -18 700
G1 -26 -26 695
G1 -20 -19 690
G1 -19 -19 686
G1 -20 -19 681
G1 -23 -22 677
G1 -23 -22 673
G1 -23 -21 669
G1 -29 -28 665
G1 -29 -27 662
G1 -27 -25 658
G1 -28 -26 655
G1 -27 -25 652
G1 -30 -28 650
G1 -31 -27 648
G1 -30 -28 646
G1 -36 -32 646
G1 -36 -33 645
G1 -32 -28 645
G1 -33 -29 646
G1 -32 -29 646
G1 -32 -27 648
G1 -31 -27 650
G1 -31 -27 652
G1 -29 -24 655
G1 -28 -25 658
G1 -29 -24 661
G1 -25 -21 665
G1 -26 -21 669
G1 -25 -21 673
G1 -19 -16 677
G1 -20 -16 681
G1 -20 -16 686
G1 -20 -16 691
G1 -21 -16 696
G1 -17 -14 702
G1 -18 -13 708
G1 -17 -14 714
G1 -3 -2 715
G1 -17 -13 720
G1 -17 -14 725
G1 -18 -13 731
G1 -8 -6 733
G1 -28 -24 737
G1 -28 -24 741
G1 -20 -17 742
G1 -19 -17 743
G1 -20 -16 744
G1 -14 -13 745
G1 -15 -13 746
G1 -19 -16 748
G1 -19 -16 750
G1 -19 -16 751
G1 -18 -16 754
G1 -18 -15 756
G1 -18 -15 759
G1 -25 -21 763
G1 -17 -13 766
G1 -17 -14 770
G1 -16 -13 773
G1 -16 -13 777
G1 -15 -12 781
G1 -16 -12 785
G1 -14 -11 790
G1 -14 -11 794
G1 -15 -12 799
G1 -14 -11 804
G1 1 6 816
G1 2 6 828
G1 1 4 836
G1 0 3 845
G1 1 4 853
G1 0 3 861
G1 1 3 869
G1 0 4 877
G1 0 4 889
G1 1 5 902
G1 0 2 906
G1 -12 -7 916
G1 -11 -6 927
G1 -10 -5 937
G1 -6 -2 944
G1 -5 -2 952
G1 -6 -2 959
G1 -7 -3 971
G1 -8 -2 982
G1 -4 -1 989
G1 -4 -2 996
G1 -2 3 1008
G1 -3 2 1020
G1 -2 2 1029
G1 -1 1 1037
G1 -2 2 1045
G1 -1 0 1049
G1 2 6 1061
G1 1 6 1073
G1 1 3 1080
G1 1 4 1088
G1 0 4 1096
G1 1 3 1103
G1 1 3 1110
G1 4 8 1120
G1 5 8 1130
G1 5 8 1140
G1 4 7 1151
G1 7 10 1158
G1 7 9 1166
G1 5 6 1172
G1 5 7 1178
G1 10 10 1181
G1 9 9 1184
G1 8 9 1187
G1 11 8 1186
G1 10 9 1184
G1 10 8 1184
G1 10 8 1180
G1 11 8 1175
G1 7 5 1173
G1 6 4 1168
G1 7 4 1163
G1 6 4 1158
G1 10 6 1150
G1 10 6 1143
G1 10 6 1136
G1 9 6 1130
G1 8 3 1119
G1 8 3 1109
G1 6 3 1102
G1 6 2 1094
G1 6 2 1083
G1 7 1 1071
G1 2 1 1066
G1 5 1 1059
G1 4 1 1051
G1 4 0 1043
G1 5 2 1034
G1 5 1 1025
G1 7 1 1013
G1 6 1 1001
G1 4 1 994
G1 5 1 986
G1 4 1 978
G1 7 2 966
G1 7 2 955
G1 5 2 947
G1 5 2 939
G1 6 1 932
G1 4 2 925
G1 5 2 918
G1 8 3 907
G1 9 4 896
G1 2 1 892
G1 11 5 881
G1 10 5 870
G1 3 1 867
G1 5 2 859
G1 6 2 851
G1 -10 -12 842
G1 -10 -12 833
G1 -18 -17 829
G1 -14 -13 829
G1 -14 -12 830
G1 -15 -13 831
G1 -8 -7 831
G1 -14 -11 834
G1 -13 -11 836
G1 -14 -12 839
G1 -13 -10 842
G1 -14 -11 845
G1 -13 -11 849
G1 -8 -6 851
G1 -12 -9 855
G1 -12 -9 859
G1 -12 -9 864
G1 -16 -12 870
G1 -16 -12 877
G1 -9 -6 882
G1 -10 -7 888
G1 -10 -7 894
G1 -10 -6 900
G1 -9 -6 906
G1 -1 -5 894
G1 0 -5 882
G1 0 -3 874
G1 -1 -3 865
G1 0 -3 857
G1 -1 -6 845
G1 -1 -5 833
G1 -1 -4 825
G1 -1 -4 817
G1 -1 -3 809
G1 0 -3 804
G1 -13 -9 809
G1 -13 -10 814
G1 -12 -9 819
G1 -18 -13 828
G1 -18 -12 836
G1 -10 -8 842
G1 -11 -7 847
G1 -11 -7 853
G1 -11 -8 860
G1 -12 -7 870
G1 -13 -7 880
G1 -7 -5 887
G1 -8 -4 894
G1 -8 -4 901
G1 -7 -4 908
G1 -7 -3 915
G1 -7 -4 923
G1 -2 -1 925
G1 -7 -2 937
G1 -7 -2 948
G1 -4 -1 956
G1 -4 -1 964
G1 -5 -1 972
G1 -4 0 980
G1 -4 -1 988
G1 -1 3 1000
G1 -2 3 1012
G1 -1 2 1021
G1 -1 2 1029
G1 -1 2 1037
G1 -2 2 1045
G1 -1 2 1054
G1 2 6 1065
G1 2 7 1077
G1 1 3 1085
G1 1 4 1093
G1 1 4 1100
G1 2 6 1112
G1 1 5 1124
G1 1 3 1131
G1 2 5 1138
G1 2 5 1145
G1 3 5 1152
G1 3 6 1163
G1 3 7 1173
G1 1 2 1176
G1 3 5 1183
G1 3 6 1189
G1 4 5 1195
G1 4 8 1205
G1 5 7 1214
G1 3 6 1222
G1 5 8 1230
G1 5 8 1239
G1 3 5 1245
G1 3 5 1251
G1 3 5 1258
G1 4 5 1264
G1 5 8 1272
G1 6 8 1280
G1 5 8 1288
G1 5 8 1296
G1 2 3 1299
G1 4 5 1304
G1 5 5 1308
G1 4 6 1312
G1 5 6 1317
G1 6 7 1322
G1 5 6 1323
G1 6 5 1325
G1 5 5 1326
G1 8 7 1327
G1 6 5 1326
G1 6 5 1324
G1 5 4 1322
G1 9 7 1319
G1 9 7 1317
G1 9 7 1314
G1 6 4 1311
G1 6 4 1307
G1 6 4 1304
G1 6 4 1301
G1 6 4 1298
G1 6 4 1294
G1 5 4 1292
G1 6 4 1289
G1 9 5 1282
G1 8 5 1274
G1 6 3 1270
G1 6 4 1265
G1 6 3 1260
G1 9 6 1254
G1 9 5 1247
G1 2 2 1245
G1 1 0 1245
G1 6 3 1240
G1 6 4 1235
G1 6 3 1230
G1 9 5 1223
G1 9 6 1215
G1 6 4 1211
G1 7 4 1206
G1 6 3 1201
G1 7 4 1197
G1 6 4 1192
G1 3 3 1193
G1 0 5 1205
G1 0 4 1217
G1 -1 3 1225
G1 0 3 1233
G1 0 3 1241
G1 -1 3 1252
G1 0 4 1262
G1 1 3 1270
G1 1 4 1277
G1 0 4 1285
G1 1 5 1296
G1 2 5 1308
G1 0 3 1315
G1 2 5 1321
G1 3 5 1328
G1 2 4 1334
G1 3 6 1343
G1 3 6 1352
G1 6 8 1358
G1 6 7 1364
G1 4 6 1369
G1 4 6 1374
G1 5 5 1375
G1 5 5 1376
G1 6 5 1378
G1 4 5 1379
G1 6 4 1378
G1 6 4 1376
G1 5 5 1375
G1 5 4 1374
G1 5 4 1373
G1 5 4 1370
G1 6 4 1368
G1 6 4 1365
G1 5 4 1363
G1 6 4 1360
G1 6 4 1358
G1 5 4 1355
G1 9 7 1352
G1 9 6 1349
G1 5 4 1347
G1 6 4 1345
G1 5 3 1341
G1 6 4 1336
G1 5 3 1331
G1 8 4 1325
G1 0 3 1333
G1 0 3 1341
G1 0 3 1349
G1 0 4 1357
G1 0 3 1365
G1 0 3 1372
G1 0 3 1380
G1 0 3 1388
G1 0 3 1396
G1 5 4 1396
G1 4 3 1394
G1 4 4 1395
G1 5 4 1395
G1 6 6 1397
G1 7 7 1399
G1 7 7 1400
G1 8 7 1401
G1 7 8 1403
G1 8 7 1405
G1 4 4 1406
G1 4 4 1407
G1 6 5 1406
G1 5 4 1405
G1 5 4 1404
G1 7 6 1403
G1 8 4 1395
G1 8 4 1388
G1 7 4 1381
G1 7 4 1375
G1 8 4 1367
G1 7 3 1358
G1 6 2 1352
G1 5 3 1347
G1 5 2 1341
G1 5 3 1336
G1 5 3 1331
G1 6 2 1325
G1 5 3 1320
G1 6 3 1315
G1 5 3 1310
G1 8 4 1302
G1 9 5 1294
G1 6 3 1289
G1 5 3 1284
G1 6 3 1279
G1 6 4 1275
G1 6 3 1270
G1 6 4 1265
G1 9 5 1258
G1 9 5 1251
G1 6 4 1247
G1 6 4 1243
G1 6 4 1238
G1 6 4 1234
G1 7 4 1230
G1 6 4 1226
G1 10 6 1220
G1 10 7 1214
G1 9 6 1208
G1 10 7 1202
G1 7 5 1199
G1 7 4 1195
G1 7 5 1192
G1 7 5 1188
G1 6 5 1185
G1 7 5 1182
G1 11 7 1177
G1 10 8 1173
G1 11 8 1169
G1 11 8 1164
G1 7 6 1162
G1 7 5 1159
G1 8 6 1157
G1 7 5 1155
G1 7 6 1152
G1 8 6 1150
G1 7 6 1148
G1 8 5 1146
G1 7 6 1144
G1 8 6 1143
G1 7 6 1141
G1 8 7 1140
G1 11 9 1138
G1 11 9 1136
G1 8 6 1135
G1 7 7 1134
G1 8 6 1133
G1 7 7 1132
G1 8 6 1131
G1 8 7 1131
G1 11 9 1130
G1 11 10 1130
G1 8 7 1129
G1 7 7 1129
G1 12 10 1129
G1 11 10 1129
G1 7 6 1129
G1 8 7 1129
G1 7 7 1129
G1 9 7 1130
G1 8 8 1130
G1 7 6 1130
G1 8 7 1130
G1 7 7 1130
G1 12 10 1130
G1 11 10 1130
G1 7 6 1130
G1 7 6 1129
G1 8 6 1127
G1 8 6 1125
G1 11 10 1123
G1 12 10 1122
G1 3 2 1121
G1 10 7 1114
G1 11 7 1107
G1 7 4 1102
G1 8 5 1098
G1 7 5 1093
G1 2 1 1092
G1 8 6 1089
G1 7 6 1085
G1 12 10 1086
G1 11 11 1087
G1 8 9 1093
G1 8 9 1100
G1 1 4 1108
G1 1 4 1115
G1 -2 2 1128
G1 -3 3 1140
G1 -2 2 1152
G1 -3 3 1165
G1 -2 2 1175
G1 -2 2 1185
G1 -1 3 1197
G1 -1 4 1209
G1 0 3 1217
G1 -1 2 1226
G1 -1 2 1234
G1 -1 3 1243
G1 0 3 1251
G1 0 4 1259
G1 1 3 1267
G1 0 4 1279
G1 0 5 1291
G1 0 3 1298
G1 1 3 1305
G1 0 4 1313
G1 1 3 1321
G1 1 5 1332
G1 1 6 1344
G1 0 4 1355
G1 -2 3 1367
G1 -3 2 1379
G1 -7 -4 1384
G1 -4 -5 1380
G1 -4 -5 1376
G1 -4 -5 1372
G1 -4 -6 1368
G1 -5 -6 1363
G1 -4 -5 1360
G1 -4 -5 1356
G1 -4 -5 1352
G1 -7 -8 1346
G1 -6 -8 1341
G1 -7 -8 1335
G1 -6 -8 1330
G1 -7 -8 1325
G1 -7 -8 1320
G1 -6 -6 1316
G1 -5 -6 1313
G1 -5 -5 1310
G1 -5 -6 1308
G1 -6 -7 1304
G1 -6 -7 1301
G1 -6 -5 1299
G1 -5 -6 1297
G1 -9 -7 1297
G1 2 4 1304
G1 2 4 1311
G1 2 5 1318
G1 3 6 1328
G1 3 7 1338
G1 2 4 1345
G1 1 4 1352
G1 2 4 1359
G1 2 5 1367
G1 2 5 1375
G1 1 3 1380
G1 1 3 1386
G1 0 5 1397
G1 1 5 1409
G1 0 3 1417
G1 0 3 1424
G1 1 4 1432
G1 0 4 1444
G1 0 5 1455
G1 0 3 1462
G1 0 2 1468
G1 0 3 1476
G1 -1 2 1484
G1 -1 2 1493
G1 -2 2 1501
G1 -2 3 1513
G1 -2 3 1526
G1 -2 3 1538
G1 -2 3 1550
G1 -1 2 1557
G1 -1 2 1563
G1 -3 1 1571
G1 -3 1 1579
G1 -2 0 1587
G1 -4 2 1599
G1 -4 1 1611
G1 -3 2 1623
G1 -4 2 1635
G1 -1 0 1639
G1 -3 1 1648
G1 -3 0 1655
G1 -4 0 1662
G1 -3 0 1670
G1 -5 0 1679
G1 -4 0 1689
G1 -4 -1 1695
G1 -4 -1 1701
G1 -4 -1 1707
G1 -5 -2 1715
G1 -5 -1 1722
G1 -5 -2 1727
G1 -4 -2 1731
G1 -4 -2 1735
G1 -4 -2 1739
G1 -4 -2 1743
G1 -4 -1 1748
G1 -1 -1 1749
G1 -6 -4 1753
G1 -7 -3 1757
G1 -4 -3 1760
G1 -4 -2 1763
G1 -4 -3 1766
G1 -5 -3 1769
G1 -6 -4 1772
G1 -6 -4 1775
G1 -4 -3 1777
G1 -4 -2 1779
G1 -4 -3 1781
G1 -4 -3 1783
G1 -4 -2 1785
G1 -3 -3 1786
G1 -4 -3 1787
G1 -4 -3 1788
G1 -4 -3 1789
G1 -4 -3 1790
G1 -4 -3 1791
G1 -4 -3 1793
G1 -5 -4 1795
G1 -5 -5 1795
G1 -6 -4 1796
G1 -4 -3 1797
G1 -4 -3 1797
G1 -3 -3 1798
G1 -6 -5 1799
G1 -5 -4 1800
G1 -4 -3 1800
G1 -4 -4 1800
G1 -3 -3 1800
G1 -6 -5 1800
G1 -5 -4 1801
G1 -4 -4 1801
G1 -3 -3 1801
G1 -4 -3 1802
G1 -2 -2 1802
G1 -4 -3 1802
G1 -4 -3 1802
G1 -3 -3 1802
G1 -4 -3 1802
G1 -4 -3 1803
G1 -3 -4 1803
G1 -4 -3 1803
G1 -4 -3 1804
G1 -3 -3 1804
G1 -6 -5 1805
G1 -5 -4 1806
G1 -4 -3 1807
G1 -4 -3 1807
G1 -4 -3 1808
G1 -3 -3 1809
G1 -4 -3 1810
G1 -4 -3 1811
G1 -4 -3 1812
G1 -4 -3 1813
G1 -3 -3 1814
G1 -6 -4 1816
G1 -6 -4 1817
G1 -4 -3 1819
G1 -3 -3 1820
G1 -4 -3 1821
G1 -6 -4 1824
G1 -6 -4 1826
G1 -5 -4 1828
G1 -6 -4 1831
G1 -4 -3 1832
G1 -4 -3 1834
G1 -4 -2 1836
G1 -5 -4 1839
G1 -6 -4 1842
G1 -4 -2 1844
G1 -4 -3 1846
G1 -4 -2 1848
G1 -5 -4 1851
G1 -6 -4 1855
G1 -4 -2 1857
G1 -4 -3 1859
G1 -3 -2 1862
G1 -6 -4 1865
G1 -6 -3 1869
G1 -6 -3 1873
G1 -5 -4 1877
G1 -4 -2 1880
G1 -4 -2 1882
G1 -4 -2 1885
G1 -4 -2 1888
G1 -3 -3 1891
G1 -4 -2 1894
G1 -6 -3 1898
G1 -6 -3 1903
G1 -3 -2 1906
G1 -4 -2 1909
G1 -4 -2 1912
G1 -4 -2 1915
G1 -3 -2 1919
G1 -4 -2 1922
G1 -6 -2 1927
G1 -5 -3 1932
G1 -5 -2 1937
G1 -6 -2 1944
G1 -5 -2 1950
G1 -5 -2 1957
G1 -6 -2 1963
G1 -4 1 1974
G1 -5 1 1985
G1 -3 1 1993
G1 -2 2 2001
G1 -2 2 2010
G1 -2 2 2018
G1 -3 2 2030
G1 -3 3 2042
G1 -2 2 2050
G1 -2 2 2057
G1 -2 2 2065
G1 -2 2 2073
G1 -2 2 2082
G1 -3 3 2092
G1 -3 1 2100
G1 -3 1 2109
G1 -4 -1 2115
G1 -5 -1 2122
G1 -2 -1 2124
G1 -3 -2 2126
G1 -4 -5 2122
G1 1 -4 2111
G1 0 -5 2101
G1 0 -3 2093
G1 0 -4 2086
G1 1 -3 2079
G1 0 -5 2069
G1 0 -4 2058
G1 0 -5 2048
G1 2 -4 2037
G1 1 -4 2025
G1 1 -3 2015
G1 1 -4 2006
G1 0 -4 1996
G1 0 -5 1985
G1 0 -4 1978
G1 0 -3 1971
G1 -1 -3 1964
G1 0 -5 1954
G1 0 -5 1943
G1 -1 -3 1936
G1 0 -4 1929
G1 0 -3 1922
G1 0 -4 1915
G1 -2 -3 1909
G1 -1 -4 1904
G1 -1 -3 1898
G1 -2 -5 1892
G1 -2 -4 1886
G1 -1 -5 1875
G1 0 -5 1865
G1 -1 -5 1855
G1 -1 -5 1845
G1 -1 -4 1839
G1 -1 -3 1832
G1 0 -4 1825
G1 -1 -4 1817
G1 1 -2 1809
G1 2 -2 1802
G1 3 1 1796
G1 3 0 1791
G1 5 3 1786
G1 5 2 1782
G1 4 4 1783
G1 4 4 1784
G1 4 5 1789
G1 4 6 1794
G1 2 3 1796
G1 4 6 1802
G1 3 6 1808
G1 3 3 1811
G1 2 4 1815
G1 3 4 1819
G1 2 4 1823
G1 3 4 1828
G1 5 5 1829
G1 5 5 1830
G1 3 4 1832
G1 6 3 1827
G1 6 3 1823
G1 5 4 1819
G1 6 3 1815
G1 6 3 1810
G1 6 3 1804
G1 4 2 1801
G1 4 2 1797
G1 4 2 1793
G1 4 2 1790
G1 4 2 1786
G1 4 2 1783
G1 6 3 1778
G1 6 4 1773
G1 6 3 1768
G1 6 4 1763
G1 4 2 1760
G1 4 2 1757
G1 5 3 1754
G1 6 3 1749
G1 6 4 1745
G1 4 2 1742
G1 4 3 1739
G1 4 2 1737
G1 5 3 1734
G1 4 3 1731
G1 4 2 1729
G1 4 3 1726
G1 4 3 1724
G1 4 2 1721
G1 7 4 1718
G1 6 5 1714
G1 4 2 1712
G1 4 3 1710
G1 5 3 1707
G1 6 4 1704
G1 6 5 1701
G1 4 3 1699
G1 5 3 1698
G1 4 3 1696
G1 4 3 1694
G1 4 3 1692
G1 4 3 1690
G1 7 4 1688
G1 6 5 1686
G1 4 3 1684
G1 4 3 1683
G1 5 3 1682
G1 6 5 1680
G1 6 5 1678
G1 4 3 1677
G1 5 4 1676
G1 4 3 1675
G1 4 3 1674
G1 4 4 1673
G1 4 3 1672
G1 7 5 1671
G1 6 5 1670
G1 4 4 1669
G1 4 3 1669
G1 4 4 1668
G1 6 5 1668
G1 7 5 1667
G1 6 5 1667
G1 6 6 1667
G1 4 3 1666
G1 4 4 1666
G1 4 3 1665
G1 4 4 1665
G1 4 3 1665
G1 4 4 1665
G1 5 4 1664
G1 4 3 1663
G1 4 3 1662
G1 5 4 1661
G1 4 3 1661
G1 4 4 1660
G1 4 3 1659
G1 2 1 1659
G1 6 5 1656
G1 7 4 1653
G1 5 5 1651
G1 6 4 1649
G1 7 4 1644
G1 7 4 1640
G1 4 3 1637
G1 5 3 1634
G1 7 4 1628
G1 7 3 1621
G1 4 2 1618
G1 3 2 1614
G1 5 2 1608
G1 4 1 1603
G1 4 2 1597
G1 4 1 1593
G1 3 1 1589
G1 6 1 1579
G1 5 1 1569
G1 6 2 1559
G1 3 0 1552
G1 4 -1 1544
G1 3 0 1536
G1 3 0 1530
G1 3 0 1523
G1 3 -2 1511
G1 3 -2 1499
G1 3 -2 1487
G1 4 -2 1474
G1 2 -1 1466
G1 2 -1 1459
G1 1 -4 1446
G1 1 -4 1434
G1 1 -4 1422
G1 1 -4 1410
G1 0 -3 1399
G1 0 -3 1391
G1 0 -4 1383
G1 0 -3 1376
G1 -1 -5 1364
G1 -1 -5 1353
G1 -1 -5 1341
G1 -1 -4 1334
G1 -2 -5 1328
G1 -2 -4 1321
G1 -3 -6 1310
G1 -3 -7 1300
G1 -2 -4 1294
G1 -1 -4 1288
G1 -5 -5 1284
G1 -4 -6 1279
G1 -4 -5 1275
G1 -4 -4 1272
G1 -8 -9 1269
G1 -8 -8 1266
G1 -7 -7 1264
G1 -6 -5 1264
G1 -6 -6 1263
G1 -6 -6 1262
G1 -9 -8 1262
G1 -9 -8 1261
G1 -6 -6 1261
G1 -7 -5 1261
G1 -6 -6 1261
G1 -6 -6 1261
G1 -6 -5 1261
G1 -6 -5 1261
G1 -7 -6 1261
G1 -6 -5 1262
G1 -6 -6 1262
G1 -6 -5 1263
G1 -7 -5 1264
G1 -6 -6 1264
G1 -6 -5 1265
G1 -7 -5 1266
G1 -6 -5 1267
G1 -9 -8 1269
G1 -10 -8 1271
G1 -6 -5 1272
G1 -6 -5 1273
G1 -7 -5 1275
G1 -9 -7 1277
G1 -9 -8 1280
G1 -7 -4 1282
G1 -6 -5 1284
G1 -6 -5 1286
G1 -9 -7 1289
G1 -9 -7 1292
G1 -7 -4 1295
G1 -6 -5 1297
G1 -6 -4 1300
G1 -9 -7 1304
G1 -9 -7 1308
G1 -6 -4 1310
G1 -6 -4 1313
G1 -6 -4 1316
G1 -9 -6 1321
G1 -9 -6 1325
G1 -5 -4 1329
G1 -6 -4 1332
G1 -6 -4 1335
G1 -6 -4 1339
G1 -6 -4 1342
G1 -5 -3 1346
G1 -9 -6 1351
G1 -8 -5 1357
G1 -9 -5 1363
G1 -8 -6 1369
G1 -5 -3 1373
G1 -6 -3 1377
G1 -5 -3 1381
G1 -6 -4 1385
G1 -5 -3 1389
G1 -5 -3 1393
G1 -8 -4 1400
G1 -8 -5 1407
G1 -5 -3 1411
G1 -6 -2 1416
G1 -5 -3 1420
G1 -7 -4 1427
G1 -8 -4 1434
G1 -5 -3 1439
G1 -5 -2 1444
G1 -5 -3 1449
G1 -7 -3 1456
G1 -7 -4 1464
G1 -5 -2 1469
G1 -5 -2 1474
G1 -4 -2 1480
G1 -5 -1 1486
G1 -4 -2 1492
G1 -6 -2 1501
G1 -6 -1 1509
G1 -3 1 1522
G1 -3 2 1534
G1 -3 2 1544
G1 -1 2 1553
G1 -1 3 1561
G1 -1 2 1569
G1 -2 4 1581
G1 -1 3 1593
G1 -1 3 1601
G1 -1 2 1609
G1 -1 3 1618
G1 -1 2 1627
G1 -1 3 1636
G1 -2 2 1645
G1 -5 1 1656
G1 -4 0 1667
G1 -2 0 1669
G1 -6 -4 1674
G1 -6 -4 1678
G1 -4 -6 1673
G1 -2 -3 1667
G1 -2 -4 1662
G1 -2 -6 1653
G1 -3 -6 1644
G1 -1 -4 1638
G1 -2 -4 1632
G1 -2 -4 1626
G1 -1 -3 1622
G1 -1 -3 1617
G1 -2 -5 1607
G1 -1 -5 1596
G1 -1 -5 1588
G1 -1 -4 1579
G1 -3 -6 1571
G1 -3 -6 1562
G1 -2 -4 1557
G1 -2 -4 1551
G1 -2 -5 1546
G1 -4 -6 1538
G1 -3 -6 1529
G1 -3 -5 1524
G1 -2 -4 1519
G1 -3 -4 1513
G1 -3 -5 1507
G1 -4 -5 1504
G1 -3 -4 1501
G1 -4 -5 1497
G1 -4 -5 1493
G1 -5 -6 1490
G1 -4 -7 1482
G1 -4 -6 1475
G1 -5 -7 1468
G1 -4 -7 1461
G1 -3 -4 1457
G1 -2 -3 1454
G1 -4 -7 1445
G1 -3 -6 1436
G1 -1 -2 1434
G1 4 -1 1422
G1 4 -1 1411
G1 5 2 1404
G1 5 2 1397
G1 5 4 1396
G1 4 3 1394
G1 4 4 1395
G1 5 4 1395
G1 6 6 1397
G1 7 7 1399
G1 7 7 1400
G1 8 7 1401
G1 7 8 1403
G1 8 7 1405
G1 4 4 1406
G1 4 4 1407
G1 6 5 1406
G1 5 4 1405
G1 5 4 1404
G1 7 6 1403
G1 8 4 1395
G1 8 4 1388
G1 7 4 1381
G1 7 4 1375
G1 8 4 1367
G1 7 3 1358
G1 6 2 1352
G1 5 3 1347
G1 5 2 1341
G1 5 3 1336
G1 5 3 1331
G1 6 2 1325
G1 5 3 1320
G1 6 3 1315
G1 5 3 1310
G1 8 4 1302
G1 9 5 1294
G1 6 3 1289
G1 5 3 1284
G1 6 3 1279
G1 6 4 1275
G1 6 3 1270
G1 6 4 1265
G1 9 5 1258
G1 9 5 1251
G1 6 4 1247
G1 6 4 1243
G1 6 4 1238
G1 6 4 1234
G1 7 4 1230
G1 6 4 1226
G1 10 6 1220
G1 10 7 1214
G1 9 6 1208
G1 10 7 1202
G1 7 5 1199
G1 7 4 1195
G1 7 5 1192
G1 7 5 1188
G1 6 5 1185
G1 7 5 1182
G1 11 7 1177
G1 10 8 1173
G1 11 8 1169
G1 11 8 1164
G1 7 6 1162
G1 7 5 1159
G1 8 6 1157
G1 7 5 1155
G1 7 6 1152
G1 8 6 1150
G1 7 6 1148
G1 8 5 1146
G1 7 6 1144
G1 8 6 1143
G1 7 6 1141
G1 8 7 1140
G1 11 9 1138
G1 11 9 1136
G1 8 6 1135
G1 7 7 1134
G1 8 6 1133
G1 7 7 1132
G1 8 6 1131
G1 8 7 1131
G1 11 9 1130
G1 11 10 1130
G1 8 7 1129
G1 7 7 1129
G1 12 10 1129
G1 11 10 1129
G1 7 6 1129
G1 8 7 1129
G1 7 7 1129
G1 9 7 1130
G1 8 8 1130
G1 7 6 1130
G1 8 7 1130
G1 7 7 1130
G1 12 10 1130
G1 11 10 1130
G1 7 6 1130
G1 7 6 1129
G1 8 6 1127
G1 8 6 1125
G1 11 10 1123
G1 12 10 1122
G1 3 2 1121
G1 10 7 1114
G1 11 7 1107
G1 7 4 1102
G1 8 5 1098
G1 7 5 1093
G1 2 1 1092
G1 8 6 1089
G1 7 6 1085
G1 12 10 1086
G1 11 11 1087
G1 8 9 1093
G1 8 9 1100
G1 1 4 1108
G1 1 4 1115
G1 -2 2 1128
G1 -3 3 1140
G1 -2 2 1152
G1 -3 3 1165
G1 -2 2 1175
G1 -2 2 1185
G1 -1 3 1197
G1 -1 4 1209
G1 0 3 1217
G1 -1 2 1226
G1 -1 2 1234
G1 -1 3 1243
G1 0 3 1251
G1 0 4 1259
G1 1 3 1267
G1 0 4 1279
G1 0 5 1291
G1 0 3 1298
G1 1 3 1305
G1 0 4 1313
G1 1 3 1321
G1 1 5 1332
G1 1 6 1344
G1 0 4 1355
G1 -2 3 1367
G1 -3 2 1379
G1 -7 -4 1384
G1 -4 -5 1380
G1 -4 -5 1376
G1 -4 -5 1372
G1 -4 -6 1368
G1 -5 -6 1363
G1 -4 -5 1360
G1 -4 -5 1356
G1 -4 -5 1352
G1 -7 -8 1346
G1 -6 -8 1341
G1 -7 -8 1335
G1 -6 -8 1330
G1 -7 -8 1325
G1 -7 -8 1320
G1 -6 -6 1316
G1 -5 -6 1313
G1 -5 -5 1310
G1 -5 -6 1308
G1 -6 -7 1304
G1 -6 -7 1301
G1 -6 -5 1299
G1 -5 -6 1297
G1 -9 -7 1297
G1 2 4 1304
G1 2 4 1311
G1 2 5 1318
G1 3 6 1328
G1 3 7 1338
G1 2 4 1345
G1 1 4 1352
G1 2 4 1359
G1 2 5 1367
G1 2 5 1375
G1 1 3 1380
G1 1 3 1386
G1 0 5 1397
G1 1 5 1409
G1 0 3 1417
G1 0 3 1424
G1 1 4 1432
G1 0 4 1444
G1 0 5 1455
G1 0 3 1462
G1 0 2 1468
G1 0 3 1476
G1 -1 2 1484
G1 -1 2 1493
G1 -2 2 1501
G1 -2 3 1513
G1 -2 3 1526
G1 -2 3 1538
G1 -2 3 1550
G1 -1 2 1557
G1 -1 2 1563
G1 -3 1 1571
G1 -3 1 1579
G1 -2 0 1587
G1 -4 2 1599
G1 -4 1 1611
G1 -3 2 1623
G1 -4 2 1635
G1 -1 0 1639
G1 -3 1 1648
G1 -3 0 1655
G1 -4 0 1662
G1 -3 0 1670
G1 -5 0 1679
G1 -4 0 1689
G1 -4 -1 1695
G1 -4 -1 1701
G1 -4 -1 1707
G1 -5 -2 1715
G1 -5 -1 1722
G1 -5 -2 1727
G1 -4 -2 1731
G1 -4 -2 1735
G1 -4 -2 1739
G1 -4 -2 1743
G1 -4 -1 1748
G1 -1 -1 1749
G1 -6 -4 1753
G1 -7 -3 1757
G1 -4 -3 1760
G1 -4 -2 1763
G1 -4 -3 1766
G1 -5 -3 1769
G1 -6 -4 1772
G1 -6 -4 1775
G1 -4 -3 1777
G1 -4 -2 1779
G1 -4 -3 1781
G1 -4 -3 1783
G1 -4 -2 1785
G1 -3 -3 1786
G1 -4 -3 1787
G1 -4 -3 1788
G1 -4 -3 1789
G1 -4 -3 1790
G1 -4 -3 1791
G1 -4 -3 1793
G1 -5 -4 1795
G1 -5 -5 1795
G1 -6 -4 1796
G1 -4 -3 1797
G1 -4 -3 1797
G1 -3 -3 1798
G1 -6 -5 1799
G1 -5 -4 1800
G1 -4 -3 1800
G1 -4 -4 1800
G1 -3 -3 1800
G1 -6 -5 1800
G1 -5 -4 1801
G1 -4 -4 1801
G1 -3 -3 1801
G1 -4 -3 1802
G1 -2 -2 1802
G1 -4 -3 1802
G1 -4 -3 1802
G1 -3 -3 1802
G1 -4 -3 1802
G1 -4 -3 1803
G1 -3 -4 1803
G1 -4 -3 1803
G1 -4 -3 1804
G1 -3 -3 1804
G1 -6 -5 1805
G1 -5 -4 1806
G1 -4 -3 1807
G1 -4 -3 1807
G1 -4 -3 1808
G1 -3 -3 1809
G1 -4 -3 1810
G1 -4 -3 1811
G1 -4 -3 1812
G1 -4 -3 1813
G1 -3 -3 1814
G1 -6 -4 1816
G1 -6 -4 1817
G1 -4 -3 1819
G1 -3 -3 1820
G1 -4 -3 1821
G1 -6 -4 1824
G1 -6 -4 1826
G1 -5 -4 1828
G1 -6 -4 1831
G1 -4 -3 1832
G1 -4 -3 1834
G1 -4 -2 1836
G1 -5 -4 1839
G1 -6 -4 1842
G1 -4 -2 1844
G1 -4 -3 1846
G1 -4 -2 1848
G1 -5 -4 1851
G1 -6 -4 1855
G1 -4 -2 1857
G1 -4 -3 1859
G1 -3 -2 1862
G1 -6 -4 1865
G1 -6 -3 1869
G1 -6 -3 1873
G1 -5 -4 1877
G1 -4 -2 1880
G1 -4 -2 1882
G1 -4 -2 1885
G1 -4 -2 1888
G1 -3 -3 1891
G1 -4 -2 1894
G1 -6 -3 1898
G1 -6 -3 1903
G1 -3 -2 1906
G1 -4 -2 1909
G1 -4 -2 1912
G1 -4 -2 1915
G1 -3 -2 1919
G1 -4 -2 1922
G1 -6 -2 1927
G1 -5 -3 1932
G1 -5 -2 1937
G1 -6 -2 1944
G1 -5 -2 1950
G1 -5 -2 1957
G1 -6 -2 1963
G1 -4 1 1974
G1 -5 1 1985
G1 -3 1 1993
G1 -2 2 2001
G1 -2 2 2010
G1 -2 2 2018
G1 -3 2 2030
G1 -3 3 2042
G1 -2 2 2050
G1 -2 2 2057
G1 -2 2 2065
G1 -2 2 2073
G1 -2 2 2082
G1 -3 3 2092
G1 -3 1 2100
G1 -3 1 2109
G1 4 4 2109
G1 5 4 2109
G1 2 2 2110
G1 3 3 2110
G1 3 3 2111
G1 4 4 2111
G1 5 4 2112
G1 4 4 2113
G1 4 4 2114
G1 3 3 2114
G1 2 3 2115
G1 3 3 2116
G1 4 4 2117
G1 4 4 2118
G1 3 3 2119
G1 3 3 2120
G1 2 2 2121
G1 4 5 2123
G1 4 4 2124
G1 4 4 2126
G1 4 4 2128
G1 3 2 2125
G1 4 2 2122
G1 3 1 2119
G1 3 2 2116
G1 4 2 2113
G1 3 1 2110
G1 3 2 2108
G1 4 3 2108
G1 4 4 2108
G1 0 4 2117
G1 0 4 2125
G1 -1 2 2132
G1 -2 1 2138
G1 -4 0 2144
G1 -4 -1 2150
G1 -4 -1 2155
G1 -3 -1 2159
G1 -3 -1 2163
G1 -6 -1 2170
G1 -5 -2 2176
G1 -3 -1 2180
G1 -3 0 2185
G1 -5 -1 2192
G1 -5 -1 2200
G1 -6 -1 2208
G1 -5 0 2216
G1 -3 -1 2220
G1 -3 0 2226
G1 -4 0 2232
G1 -3 0 2238
G1 -5 1 2248
G1 -5 0 2257
G1 -5 1 2267
G1 -5 1 2278
G1 -3 1 2286
G1 -4 1 2294
G1 -3 2 2302
G1 -2 1 2310
G1 -3 2 2318
G1 -3 2 2326
G1 -3 2 2334
G1 -2 1 2342
G1 -4 3 2351
G1 -3 2 2361
G1 -2 3 2369
G1 -2 3 2377
G1 -1 2 2386
G1 -2 3 2394
G1 -2 3 2402
G1 -2 3 2410
G1 -2 3 2419
G1 0 4 2426
G1 -1 3 2432
G1 0 4 2439
G1 -1 5 2449
G1 -1 5 2459
G1 0 1 2462
G1 2 5 2468
G1 1 5 2473
G1 1 3 2477
G1 1 3 2481
G1 1 3 2485
G1 1 4 2490
G1 3 4 2491
G1 3 3 2492
G1 2 3 2493
G1 3 2 2494
G1 2 2 2495
G1 2 3 2496
G1 3 3 2497
G1 3 2 2495
G1 2 1 2494
G1 3 2 2492
G1 4 2 2490
G1 5 3 2488
G1 2 1 2486
G1 3 2 2485
G1 3 1 2484
G1 1 1 2483
G1 3 1 2480
G1 3 1 2476
G1 4 1 2473
G1 4 1 2469
G1 5 2 2464
G1 4 1 2460
G1 4 1 2456
G1 5 0 2449
G1 5 0 2441
G1 5 1 2434
G1 5 0 2427
G1 3 0 2422
G1 3 0 2417
G1 4 0 2411
G1 3 -1 2404
G1 3 0 2398
G1 4 -1 2391
G1 3 -1 2384
G1 4 0 2378
G1 3 -1 2371
G1 3 0 2365
G1 4 -1 2358
G1 5 -1 2348
G1 5 -1 2338
G1 4 -1 2329
G1 5 -1 2319
G1 5 -1 2309
G1 5 -1 2299
G1 3 0 2292
G1 3 -1 2286
G1 4 0 2279
G1 2 -1 2273
G1 5 -1 2263
G1 5 -1 2253
G1 3 -1 2246
G1 3 0 2239
G1 4 -1 2232
G1 3 0 2225
G1 3 -1 2218
G1 3 -1 2211
G1 3 0 2204
G1 4 0 2198
G1 3 0 2192
G1 3 -1 2185
G1 4 0 2179
G1 3 0 2173
G1 4 0 2167
G1 4 0 2159
G1 4 0 2152
G1 5 1 2144
G1 5 1 2136
G1 4 1 2131
G1 3 1 2126
G1 4 0 2121
G1 3 1 2116
G1 4 1 2111
G1 5 2 2105
G1 5 2 2100
G1 4 2 2097
G1 3 1 2093
G1 4 2 2090
G1 5 2 2085
G1 3 2 2083
G1 3 2 2081
G1 4 2 2079
G1 5 3 2076
G1 5 3 2073
G1 3 1 2071
G1 2 2 2069
G1 3 2 2069
G1 3 3 2068
G1 4 3 2068
G1 3 2 2067
G1 3 3 2067
G1 3 2 2067
G1 4 3 2066
G1 3 4 2066
G1 3 2 2067
G1 3 3 2068
G1 2 3 2069
G1 4 5 2071
G1 4 4 2073
G1 3 3 2074
G1 3 3 2076
G1 2 3 2077
G1 4 5 2079
G1 3 5 2084
G1 3 4 2089
G1 2 4 2092
G1 2 3 2095
G1 2 3 2099
G1 3 5 2104
G1 3 5 2109
G1 1 3 2112
G1 2 5 2119
G1 2 5 2126
G1 2 5 2134
G1 1 5 2141
G1 2 5 2149
G1 1 5 2156
G1 0 5 2166
G1 0 5 2177
G1 0 3 2184
G1 0 3 2191
G1 0 4 2197
G1 -1 4 2206
G1 0 4 2214
G1 -1 2 2222
G1 -1 3 2230
G1 -1 3 2238
G1 -2 5 2250
G1 -2 4 2262
G1 -2 4 2273
G1 -2 4 2285
G1 -2 3 2293
G1 -2 2 2301
G1 -3 2 2309
G1 -3 4 2322
G1 -4 3 2334
G1 -3 4 2346
G1 -4 3 2359
G1 -1 1 2362
G1 0 1 2364
G1 -3 1 2371
G1 -3 2 2379
G1 -2 2 2387
G1 -3 2 2395
G1 -3 2 2403
G1 -3 2 2411
G1 -2 1 2417
G1 -5 2 2428
G1 -5 2 2438
G1 -3 1 2447
G1 -4 2 2455
G1 -5 1 2465
G1 -5 2 2475
G1 -3 0 2480
G1 -3 1 2486
G1 -5 1 2495
G1 -5 1 2504
G1 -3 1 2510
G1 -4 -3 2511
G1 -4 -2 2512
G1 -3 -2 2514
G1 -3 -2 2515
G1 -2 -2 2515
G1 -3 -2 2516
G1 -2 -2 2516
G1 -3 -2 2517
G1 -2 -2 2517
G1 -3 -2 2518
G1 -3 -2 2519
G1 -2 -3 2518
G1 -3 -2 2518
G1 -2 -2 2518
G1 -2 -2 2518
G1 -2 -2 2518
G1 -3 -2 2518
G1 -3 -3 2518
G1 -4 -3 2518
G1 -2 -2 2518
G1 -3 -2 2519
G1 -2 -2 2519
G1 -2 -2 2519
G1 -2 -1 2519
G1 -2 -2 2519
G1 -2 -1 2520
G1 -1 -4 2517
G1 -2 -3 2514
G1 2 -3 2507
G1 1 -3 2499
G1 5 -2 2488
G1 5 -2 2478
G1 1 0 2477
G1 4 0 2469
G1 5 -1 2462
G1 3 2 2460
G1 3 1 2458
G1 3 2 2456
G1 4 2 2453
G1 4 2 2450
G1 5 2 2447
G1 4 2 2445
G1 2 2 2443
G1 3 1 2442
G1 3 1 2438
G1 3 1 2435
G1 3 1 2431
G1 3 0 2428
G1 4 1 2425
G1 3 1 2421
G1 3 1 2418
G1 4 1 2414
G1 3 0 2409
G1 3 0 2403
G1 4 0 2398
G1 5 0 2390
G1 5 1 2382
G1 3 0 2377
G1 5 -2 2366
G1 4 -3 2355
G1 3 -1 2347
G1 3 -1 2340
G1 3 -2 2332
G1 1 0 2330
G1 2 -3 2322
G1 2 -2 2313
G1 2 -3 2305
G1 2 -3 2295
G1 3 -4 2284
G1 0 -4 2274
G1 1 -5 2263
G1 0 -4 2256
G1 1 -3 2249
G1 0 -3 2242
G1 0 -1 2239
G1 -1 -5 2231
G1 -1 -5 2223
G1 -2 -5 2216
G1 -1 -6 2208
G1 -1 -3 2203
G1 -2 -3 2201
G1 -2 -3 2199
G1 -3 -3 2197
G1 -3 -4 2194
G1 -3 -4 2191
G1 -3 -4 2189
G1 -3 -4 2186
G1 -4 -3 2187
G1 -4 -4 2187
G1 -3 -2 2188
G1 -3 -3 2188
G1 -3 -2 2188
G1 -3 -2 2189
G1 -2 -2 2189
G1 -5 -3 2193
G1 -5 -2 2197
G1 -3 -2 2199
G1 -3 -1 2202
G1 -4 -2 2205
G1 -3 -2 2208
G1 -4 -1 2212
G1 -3 0 2217
G1 -4 -1 2221
G1 -2 -1 2224
G1 -5 0 2233
G1 -5 -1 2241
G1 -5 0 2248
G1 -3 0 2254
G1 -4 0 2261
G1 -3 0 2267
G1 -4 1 2273
G1 -3 0 2280
G1 -3 0 2286
G1 -4 1 2293
G1 -3 0 2299
G1 -5 1 2309
G1 -4 1 2318
G1 -3 0 2324
G1 -4 1 2331
G1 -3 0 2337
G1 -5 1 2347
G1 -5 1 2356
G1 -4 0 2364
G1 -4 1 2372
G1 -5 1 2381
G1 -5 1 2390
G1 -5 0 2400
G1 -5 1 2409
G1 -3 1 2415
G1 -2 0 2420
G1 -4 1 2426
G1 -3 0 2432
G1 -4 1 2438
G1 -5 0 2447
G1 -5 1 2457
G1 -3 1 2463
G1 -3 0 2468
G1 -4 1 2474
G1 -3 0 2480
G1 -5 1 2489
G1 -5 1 2498
G1 -1 0 2499
G1 -3 0 2504
G1 -4 0 2509
G1 -3 0 2514
G1 -5 0 2522
G1 -5 0 2529
G1 -5 -1 2535
G1 -5 0 2540
G1 -3 -1 2544
G1 -3 0 2548
G1 -4 -1 2552
G1 -1 0 2554
G1 -3 -1 2557
G1 -3 0 2560
G1 -3 -1 2562
G1 -5 -2 2567
G1 -4 -1 2571
G1 -3 -1 2574
G1 -3 -1 2577
G1 -3 -1 2579
G1 -3 -1 2581
G1 -4 -2 2584
G1 -5 -2 2587
G1 -2 -1 2589
G1 -3 -1 2591
G1 -4 -2 2593
G1 -4 -2 2596
G1 -3 -1 2597
G1 -2 -2 2598
G1 -3 -1 2600
G1 -4 -2 2602
G1 -4 -2 2604
G1 -3 -3 2605
G1 -4 -3 2605
G1 -3 -2 2606
G1 -4 -3 2607
G1 -3 -2 2607
G1 -2 -2 2608
G1 -2 -2 2607
G1 -2 -3 2606
G1 -2 -2 2605
G1 -2 -2 2604
G1 -2 -2 2604
G1 -2 -3 2603
G1 -2 -2 2602
G1 -1 -2 2602
G1 -2 -2 2599
G1 -1 -3 2597
G1 -2 -3 2595
G1 -2 -4 2592
G1 -2 -4 2589
G1 -1 -2 2587
G1 -2 -2 2585
G1 -1 -4 2582
G1 -1 -3 2579
G1 -1 -3 2575
G1 -1 -4 2570
G1 -2 -5 2566
G1 -1 -3 2562
G1 -1 -5 2555
G1 0 -5 2547
G1 -1 -4 2543
G1 0 -3 2538
G1 -1 -3 2533
G1 0 -3 2530
G1 0 -4 2523
G1 1 -3 2517
G1 0 -4 2511
G1 0 -5 2502
G1 1 -5 2493
G1 0 -3 2488
G1 1 -5 2477
G1 1 -5 2467
G1 1 -4 2460
G1 1 -3 2453
G1 1 -3 2446
G1 1 -5 2437
G1 2 -4 2425
G1 2 -5 2414
G1 1 -3 2406
G1 2 -3 2398
G1 1 -4 2390
G1 2 -4 2380
G1 3 -4 2368
G1 2 -4 2355
G1 2 -3 2347
G1 2 -2 2339
G1 2 -3 2331
G1 3 -3 2320
G1 3 -3 2308
G1 4 -3 2296
G1 3 -2 2288
G1 2 -2 2280
G1 3 -2 2271
G1 2 -2 2264
G1 4 -3 2252
G1 4 -2 2240
G1 5 -2 2229
G1 4 -2 2217
G1 3 -1 2209
G1 5 1 2202
G1 5 1 2195
G1 4 1 2190
G1 4 1 2185
G1 3 1 2181
G1 4 1 2177
G1 3 1 2173
G1 5 2 2168
G1 5 2 2162
G1 4 1 2158
G1 3 1 2155
G1 4 2 2151
G1 5 2 2145
G1 5 2 2140
G1 3 1 2137
G1 2 1 2134
G1 4 1 2131
G1 3 1 2128
G1 -3 -1 2131
G1 -4 -1 2134
G1 -5 -2 2140
G1 -5 -2 2145
G1 -3 -2 2148
G1 -4 -1 2152
G1 -3 -1 2156
G1 -3 -1 2160
G1 -4 -2 2163
G1 -3 -1 2167
G1 -5 -2 2173
G1 -6 -1 2178
G1 -2 -1 2182
G1 -3 -1 2185
G1 -5 -1 2192
G1 -5 -2 2198
G1 -4 0 2203
G1 -4 -1 2209
G1 -3 1 2216
G1 -3 1 2224
G1 -2 2 2232
G1 -5 2 2243
G1 -4 2 2255
G1 -3 2 2264
G1 -2 2 2272
G1 -3 2 2280
G1 -2 2 2288
G1 -4 3 2300
G1 -4 3 2312
G1 -2 2 2320
G1 -3 4 2333
G1 -3 4 2345
G1 -3 4 2357
G1 -3 4 2369
G1 -2 3 2380
G1 -2 5 2392
G1 -2 5 2403
G1 -2 3 2411
G1 -1 3 2419
G1 -2 3 2427
G1 -1 4 2437
G1 -1 4 2444
G1 -1 3 2451
G1 -1 4 2458
G1 -1 5 2469
G1 -1 5 2480
G1 -1 4 2488
G1 -1 4 2494
G1 0 3 2500
G1 0 3 2506
G1 0 4 2512
G1 0 3 2518
G1 -1 4 2525
G1 0 3 2530
G1 1 5 2537
G1 0 5 2544
G1 1 3 2548
G1 0 4 2553
G1 1 3 2558
G1 0 3 2562
G1 1 3 2565
G1 1 3 2568
G1 1 3 2572
G1 2 4 2577
G1 1 5 2581
G1 1 4 2585
G1 3 4 2589
G1 2 4 2592
G1 1 2 2594
G1 2 3 2596
G1 1 3 2598
G1 1 2 2600
G1 2 2 2602
G1 2 3 2602
G1 2 2 2603
G1 1 2 2604
G1 3 4 2605
G1 3 3 2606
G1 2 2 2607
G1 2 2 2608
G1 2 2 2607
G1 3 2 2607
G1 2 1 2606
G1 4 3 2606
G1 3 3 2605
G1 3 2 2605
G1 2 2 2604
G1 4 2 2602
G1 4 2 2600
G1 4 2 2598
G1 4 2 2595
G1 4 2 2593
G1 4 2 2591
G1 -3 4 2600
G1 -2 3 2608
G1 -3 3 2616
G1 -4 5 2628
G1 -5 4 2641
G1 -4 5 2653
G1 -4 5 2665
G1 -5 5 2678
G1 -4 6 2690
G1 -5 5 2702
G1 -4 5 2715
G1 -5 6 2727
G1 -5 5 2740
G1 -3 4 2748
G1 -4 4 2756
G1 -3 4 2764
G1 -6 6 2777
G1 -5 6 2789
G1 -5 6 2801
G1 -6 7 2814
G1 -6 7 2826
G1 -6 7 2838
G1 -7 7 2851
G1 -6 7 2863
G1 -7 8 2875
G1 -7 8 2888
G1 -5 6 2896
G1 -6 6 2904
G1 -5 6 2912
G1 -9 10 2925
G1 -9 11 2937
G1 -10 12 2949
G1 -12 13 2962
G1 -14 16 2974
G1 -18 20 2986
G1 -13 16 2993
G1 -33 38 3000