G1 -23 -20 1000
G1 -25 -22 1000
G1 -56 -50 1000
G1 -31 -27 1000
G1 -68 -60 1000
G1 11 -88 1000
G1 20 -103 1000
G1 -11 -71 1000
G1 -24 -59 1000
G1 -33 -50 1000
G1 -41 -43 1000
G1 -47 -35 1000
G1 -54 -27 1000
G1 -61 -17 1000
G1 -71 -2 1000
G1 -99 33 1000
G1 -85 22 1000
G1 -68 -60 1000
G1 -31 -27 1000
G1 -56 -50 1000
G1 -25 -22 1000
G1 -46 -40 1000
G1 -25 -22 1000
G1 -56 -50 1000
G1 -31 -27 1000
G1 -68 -60 1000
G1 11 -88 1000
G1 20 -103 1000
G1 -11 -71 1000
G1 -24 -59 1000
G1 -33 -50 1000
G1 -41 -43 1000
G1 -47 -35 1000
G1 -54 -27 1000
G1 -61 -17 1000
G1 -71 -2 1000
G1 -99 33 1000
G1 -85 22 1000
G1 -68 -60 1000
G1 -31 -27 1000
G1 -56 -50 1000
G1 -25 -22 1000
G1 -46 -40 1000
G1 -25 -22 1000
G1 -56 -50 1000
G1 -31 -27 1000
G1 -68 -60 1000
G1 11 -88 1000
G1 20 -103 1000
G1 -11 -71 1000
G1 -24 -59 1000
G1 -33 -50 1000
G1 -41 -43 1000
G1 -47 -35 1000
G1 -54 -27 1000
G1 -61 -17 1000
G1 -71 -2 1000
G1 -99 33 1000
G1 -85 22 1000
G1 -68 -60 1000
G1 -31 -27 1000
G1 -56 -50 1000
G1 -25 -22 1000
G1 -46 -40 1000
G1 -25 -22 1000
G1 -56 -50 1000
G1 -31 -27 1000
G1 -68 -60 1000
G1 11 -88 1000
G1 20 -103 1000
G1 -11 -71 1000
G1 -24 -59 1000
G1 -33 -50 1000
G1 -41 -43 1000
G1 -47 -35 1000
G1 -54 -27 1000
G1 -61 -17 1000
G1 -71 -2 1000
G1 -99 33 1000
G1 -85 22 1000
G1 -68 -60 1000
G1 -31 -27 1000
G1 -56 -50 1000
G1 -25 -22 1000
G1 -46 -40 1000
G1 -25 -22 1000
G1 -56 -50 1000
G1 -31 -27 1000
G1 -68 -60 1000
G1 10 -87 1000
G1 21 -104 1000
G1 -11 -71 1000
G1 -24 -59 1000
G1 -33 -50 1000
G1 -41 -43 1000
G1 19 -90 1000
G1 3 -79 1000
G1 -9 -74 1000
G1 -20 -72 1000
G1 -30 -70 1000
G1 -39 -68 1000
G1 -47 -66 1000
G1 -55 -63 1000
G1 -61 -59 1000
G1 -66 -54 1000
G1 -69 -47 1000
G1 -71 -39 1000
G1 -72 -30 1000
G1 -72 -21 1000
G1 -73 -11 1000
G1 -74 0 1000
G1 -78 13 1000
G1 -86 30 1000
G1 19 -90 1000
G1 3 -79 1000
G1 -9 -74 1000
G1 -20 -72 1000
G1 -30 -70 1000
G1 -39 -68 1000
G1 -47 -66 1000
G1 -55 -63 1000
G1 -61 -59 1000
G1 -66 -54 1000
G1 -69 -47 1000
G1 -71 -39 1000
G1 -72 -30 1000
G1 -72 -21 1000
G1 -73 -11 1000
G1 -74 0 1000
G1 -78 13 1000
G1 -86 30 1000
G1 19 -90 1000
G1 3 -79 1000
G1 -9 -74 1000
G1 -20 -72 1000
G1 -30 -70 1000
G1 -39 -68 1000
G1 -47 -66 1000
G1 -55 -63 1000
G1 -61 -59 1000
G1 -66 -54 1000
G1 -69 -47 1000
G1 -71 -39 1000
G1 -72 -30 1000
G1 -72 -21 1000
G1 -73 -11 1000
G1 -74 0 1000
G1 -78 13 1000
G1 -86 30 1000
G1 19 -90 1000
G1 3 -79 1000
G1 -9 -74 1000
G1 -20 -72 1000
G1 -30 -70 1000
G1 -39 -68 1000
G1 -47 -66 1000
G1 -55 -63 1000
G1 -61 -59 1000
G1 -66 -54 1000
G1 -69 -47 1000
G1 -71 -39 1000
G1 -72 -30 1000
G1 -72 -21 1000
G1 -73 -11 1000
G1 -74 0 1000
G1 -78 13 1000
G1 -86 30 1000
G1 86 -30 1000
G1 78 -13 1000
G1 74 0 1000
G1 73 11 1000
G1 72 21 1000
G1 72 30 1000
G1 71 39 1000
G1 69 47 1000
G1 66 54 1000
G1 -20 -74 1000
G1 -31 -77 1000
G1 -44 -80 1000
G1 -57 -82 1000
G1 -70 -84 1000
G1 -80 -83 1000
G1 -88 -78 1000
G1 -91 -70 1000
G1 -91 -59 1000
G1 -88 -47 1000
G1 -84 -34 1000
G1 -79 -22 1000
G1 -75 -11 1000
G1 -20 -74 1000
G1 -31 -77 1000
G1 -44 -80 1000
G1 -57 -82 1000
G1 -70 -84 1000
G1 -80 -83 1000
G1 -88 -78 1000
G1 -91 -70 1000
G1 -91 -59 1000
G1 -88 -47 1000
G1 -84 -34 1000
G1 -79 -22 1000
G1 -75 -11 1000
G1 -20 -74 1000
G1 -31 -77 1000
G1 -44 -80 1000
G1 -57 -82 1000
G1 -70 -84 1000
G1 -80 -83 1000
G1 -88 -78 1000
G1 -91 -70 1000
G1 -91 -59 1000
G1 -88 -47 1000
G1 -84 -34 1000
G1 -79 -22 1000
G1 -75 -11 1000
G1 -20 -74 1000
G1 -31 -77 1000
G1 -44 -80 1000
G1 -57 -82 1000
G1 -70 -84 1000
G1 -80 -83 1000
G1 -88 -78 1000
G1 -91 -70 1000
G1 -91 -59 1000
G1 -88 -47 1000
G1 -84 -34 1000
G1 -79 -22 1000
G1 -75 -11 1000
G1 -18 -69 1000
G1 -28 -71 1000
G1 -38 -73 1000
G1 -50 -76 1000
G1 -61 -78 1000
G1 -71 -78 1000
G1 -79 -76 1000
G1 -47 -91 1000
G1 -69 -101 1000
G1 -92 -110 1000
G1 -114 -116 1000
G1 -127 -113 1000
G1 -128 -99 1000
G1 -120 -78 1000
G1 -108 -56 1000
G1 -95 -36 1000
G1 -47 -91 1000
G1 -69 -101 1000
G1 -92 -110 1000
G1 -114 -116 1000
G1 -127 -113 1000
G1 -128 -99 1000
G1 -120 -78 1000
G1 -108 -56 1000
G1 -95 -36 1000
G1 -47 -91 1000
G1 -69 -101 1000
G1 -92 -110 1000
G1 -114 -116 1000
G1 -127 -113 1000
G1 -128 -99 1000
G1 -120 -78 1000
G1 -108 -56 1000
G1 -95 -36 1000
G1 -47 -91 1000
G1 -69 -101 1000
G1 -92 -110 1000
G1 -114 -116 1000
G1 -127 -113 1000
G1 -128 -99 1000
G1 -120 -78 1000
G1 -108 -56 1000
G1 -95 -36 1000
G1 85 31 1000
G1 95 47 1000
G1 106 65 1000
G1 114 83 1000
G1 117 97 1000
G1 -75 -107 1000
G1 -108 -127 1000
G1 -142 -143 1000
G1 -163 -145 1000
G1 -159 -125 1000
G1 -138 -93 1000
G1 -115 -61 1000
G1 -75 -107 1000
G1 -108 -127 1000
G1 -142 -143 1000
G1 -163 -145 1000
G1 -159 -125 1000
G1 -138 -93 1000
G1 -115 -61 1000
G1 -75 -107 1000
G1 -108 -127 1000
G1 -142 -143 1000
G1 -163 -145 1000
G1 -159 -125 1000
G1 -138 -93 1000
G1 -115 -61 1000
G1 -75 -107 1000
G1 -108 -127 1000
G1 -142 -143 1000
G1 -163 -145 1000
G1 -159 -125 1000
G1 -138 -93 1000
G1 -115 -61 1000
G1 -64 -93 1000
G1 -89 -108 1000
G1 -116 -122 1000
G1 -137 -128 1000
G1 -122 -146 1000
G1 -186 -187 1000
G1 -226 -201 1000
G1 -207 -162 1000
G1 -159 -104 1000
G1 -122 -146 1000
G1 -186 -187 1000
G1 -226 -201 1000
G1 -207 -162 1000
G1 -159 -104 1000
G1 -122 -146 1000
G1 -186 -187 1000
G1 -226 -201 1000
G1 -207 -162 1000
G1 -159 -104 1000
G1 -122 -146 1000
G1 -186 -187 1000
G1 -226 -201 1000
G1 -207 -162 1000
G1 -159 -104 1000
G1 128 81 1000
G1 163 122 1000
G1 190 160 1000
G1 -169 -181 1000
G1 -260 -243 1000
G1 -272 -229 1000
G1 -199 -147 1000
G1 -169 -181 1000
G1 -260 -243 1000
G1 -272 -229 1000
G1 -199 -147 1000
G1 -169 -181 1000
G1 -260 -243 1000
G1 -272 -229 1000
G1 -199 -147 1000
G1 -169 -181 1000
G1 -260 -243 1000
G1 -272 -229 1000
G1 -199 -147 1000
G1 -171 -182 1000
G1 -258 -241 1000
G1 -253 -251 1000
G1 -369 -328 1000
G1 -279 -221 1000
G1 -253 -251 1000
G1 -369 -328 1000
G1 -279 -221 1000
G1 -253 -251 1000
G1 -369 -328 1000
G1 -279 -221 1000
G1 -253 -251 1000
G1 -369 -328 1000
G1 -279 -221 1000
G1 -172 -175 1000
G1 -263 -243 1000
G1 -439 -412 1000
G1 -461 -388 1000
G1 -439 -412 1000
G1 -461 -388 1000
G1 -439 -412 1000
G1 -461 -388 1000
G1 -439 -412 1000
G1 -461 -388 1000
G1 461 388 1000
G1 -443 -408 1000
G1 -457 -392 1000
G1 -443 -408 1000
G1 -457 -392 1000
G1 -443 -408 1000
G1 -457 -392 1000
G1 -443 -408 1000
G1 -457 -392 1000
