G1 7 6 2000
G1 -20 -18 2000
G1 -22 -20 2000
G1 -24 -21 2000
G1 -25 -22 2000
G1 -27 -24 2000
G1 -29 -26 2000
G1 -31 -27 2000
G1 -33 -29 2000
G1 -34 -31 2000
G1 -36 -32 2000
G1 -38 -33 2000
G1 23 -105 2000
G1 -14 -65 2000
G1 -30 -48 2000
G1 -40 -36 2000
G1 -51 -24 2000
G1 -66 -6 2000
G1 -100 36 2000
G1 -38 -33 2000
G1 -36 -32 2000
G1 -34 -31 2000
G1 -33 -29 2000
G1 -31 -27 2000
G1 -29 -26 2000
G1 -27 -24 2000
G1 -25 -22 2000
G1 -24 -21 2000
G1 -22 -20 2000
G1 -20 -18 2000
G1 -7 -7 2000
G1 20 18 2000
G1 22 20 2000
G1 24 21 2000
G1 25 23 2000
G1 27 24 2000
G1 29 26 2000
G1 31 28 2000
G1 33 29 2000
G1 35 31 2000
G1 37 33 2000
G1 -49 134 2000
G1 11 68 2000
G1 25 54 2000
G1 34 45 2000
G1 42 37 2000
G1 49 28 2000
G1 57 18 2000
G1 69 2 2000
G1 126 -66 2000
G1 37 33 2000
G1 35 31 2000
G1 33 29 2000
G1 31 28 2000
G1 29 26 2000
G1 27 24 2000
G1 25 23 2000
G1 24 21 2000
G1 22 20 2000
G1 20 18 2000
G1 8 7 2000
G1 -20 -18 2000
G1 -22 -20 2000
G1 -24 -21 2000
G1 -26 -23 2000
G1 -27 -24 2000
G1 -29 -26 2000
G1 -31 -28 2000
G1 -34 -30 2000
G1 -36 -32 2000
G1 59 -144 2000
G1 -5 -74 2000
G1 -19 -61 2000
G1 -29 -52 2000
G1 -36 -45 2000
G1 -43 -38 2000
G1 -49 -31 2000
G1 -55 -22 2000
G1 -62 -12 2000
G1 -74 5 2000
G1 -134 77 2000
G1 -36 -32 2000
G1 -34 -30 2000
G1 -31 -28 2000
G1 -29 -26 2000
G1 -27 -24 2000
G1 -26 -23 2000
G1 -24 -21 2000
G1 -22 -20 2000
G1 -20 -18 2000
G1 -8 -7 2000
G1 20 18 2000
G1 22 20 2000
G1 24 21 2000
G1 26 23 2000
G1 28 25 2000
G1 30 26 2000
G1 32 28 2000
G1 34 30 2000
G1 -58 140 2000
G1 -5 83 2000
G1 13 67 2000
G1 23 58 2000
G1 31 51 2000
G1 38 45 2000
G1 44 39 2000
G1 49 32 2000
G1 54 25 2000
G1 60 16 2000
G1 67 5 2000
G1 81 -15 2000
G1 130 -75 2000
G1 34 30 2000
G1 32 28 2000
G1 30 26 2000
G1 28 25 2000
G1 26 23 2000
G1 24 21 2000
G1 22 20 2000
G1 20 18 2000
G1 8 7 2000
G1 -20 -18 2000
G1 -22 -20 2000
G1 -24 -21 2000
G1 -26 -23 2000
G1 -28 -25 2000
G1 -30 -27 2000
G1 -32 -29 2000
G1 44 -120 2000
G1 19 -96 2000
G1 -5 -73 2000
G1 -17 -63 2000
G1 -26 -57 2000
G1 -34 -51 2000
G1 -40 -46 2000
G1 -45 -40 2000
G1 -50 -34 2000
G1 -54 -27 2000
G1 -59 -19 2000
G1 -65 -10 2000
G1 -73 4 2000
G1 -92 31 2000
G1 -113 59 2000
G1 -32 -29 2000
G1 -30 -27 2000
G1 -28 -25 2000
G1 -26 -23 2000
G1 -24 -21 2000
G1 -22 -20 2000
G1 -20 -18 2000
G1 -8 -7 2000
G1 20 18 2000
G1 22 20 2000
G1 24 21 2000
G1 26 23 2000
G1 28 25 2000
G1 30 27 2000
G1 -4 71 2000
G1 -51 129 2000
G1 -5 82 2000
G1 10 69 2000
G1 21 62 2000
G1 29 56 2000
G1 35 51 2000
G1 41 46 2000
G1 46 41 2000
G1 51 35 2000
G1 55 29 2000
G1 59 22 2000
G1 63 13 2000
G1 69 2 2000
G1 80 -15 2000
G1 121 -67 2000
G1 69 -13 2000
G1 30 27 2000
G1 28 25 2000
G1 26 23 2000
G1 24 21 2000
G1 22 20 2000
G1 20 18 2000
G1 8 7 2000
G1 -20 -18 2000
G1 -22 -20 2000
G1 -24 -21 2000
G1 -26 -23 2000
G1 -28 -25 2000
G1 -31 -27 2000
G1 65 -142 2000
G1 20 -95 2000
G1 -2 -76 2000
G1 -14 -67 2000
G1 -23 -61 2000
G1 -31 -56 2000
G1 -37 -52 2000
G1 -43 -47 2000
G1 -48 -42 2000
G1 -52 -37 2000
G1 -56 -31 2000
G1 -59 -24 2000
G1 -63 -15 2000
G1 -67 -6 2000
G1 -75 8 2000
G1 -91 32 2000
G1 -132 83 2000
G1 -31 -27 2000
G1 -28 -25 2000
G1 -26 -23 2000
G1 -24 -21 2000
G1 -22 -20 2000
G1 -20 -18 2000
G1 -8 -8 2000
G1 20 18 2000
G1 22 19 2000
G1 24 21 2000
G1 26 23 2000
G1 28 25 2000
G1 -19 84 2000
G1 -52 127 2000
G1 -10 84 2000
G1 6 72 2000
G1 17 66 2000
G1 25 61 2000
G1 32 57 2000
G1 39 53 2000
G1 44 48 2000
G1 49 44 2000
G1 53 38 2000
G1 57 32 2000
G1 60 25 2000
G1 63 18 2000
G1 67 8 2000
G1 72 -3 2000
G1 82 -20 2000
G1 119 -67 2000
G1 80 -29 2000
G1 28 25 2000
G1 26 23 2000
G1 24 21 2000
G1 22 19 2000
G1 20 18 2000
G1 9 8 2000
G1 -20 -18 2000
G1 -22 -19 2000
G1 -24 -21 2000
G1 -26 -23 2000
G1 -28 -25 2000
G1 71 -144 2000
G1 27 -100 2000
G1 4 -79 2000
G1 -9 -70 2000
G1 -19 -65 2000
G1 -27 -61 2000
G1 -34 -57 2000
G1 -40 -54 2000
G1 -46 -50 2000
G1 -51 -45 2000
G1 -55 -40 2000
G1 -58 -34 2000
G1 -61 -27 2000
G1 -63 -19 2000
G1 -66 -11 2000
G1 -70 0 2000
G1 -77 14 2000
G1 -95 39 2000
G1 -133 89 2000
G1 -28 -25 2000
G1 -26 -23 2000
G1 -24 -21 2000
G1 -22 -19 2000
G1 -20 -18 2000
G1 -9 -8 2000
G1 20 18 2000
G1 22 19 2000
G1 24 21 2000
G1 26 23 2000
G1 2 55 2000
G1 -78 152 2000
G1 -17 89 2000
G1 0 76 2000
G1 11 69 2000
G1 20 65 2000
G1 29 61 2000
G1 36 58 2000
G1 42 55 2000
G1 48 51 2000
G1 52 47 2000
G1 56 41 2000
G1 59 35 2000
G1 62 28 2000
G1 64 21 2000
G1 66 12 2000
G1 69 3 2000
G1 75 -10 2000
G1 86 -28 2000
G1 140 -97 2000
G1 55 -4 2000
G1 26 23 2000
G1 24 21 2000
G1 22 19 2000
G1 20 18 2000
G1 9 8 2000
G1 -20 -17 2000
G1 -22 -19 2000
G1 -24 -21 2000
G1 -26 -23 2000
G1 61 -128 2000
G1 40 -110 2000
G1 12 -83 2000
G1 -3 -74 2000
G1 -13 -68 2000
G1 -22 -65 2000
G1 -30 -62 2000
G1 -37 -59 2000
G1 -44 -56 2000
G1 -49 -53 2000
G1 -54 -48 2000
G1 -58 -43 2000
G1 -61 -37 2000
G1 -63 -30 2000
G1 -65 -22 2000
G1 -67 -14 2000
G1 -69 -5 2000
G1 -73 7 2000
G1 -81 22 2000
G1 -103 54 2000
G1 -118 77 2000
G1 -26 -23 2000
G1 -24 -21 2000
G1 -22 -19 2000
G1 -20 -17 2000
G1 -9 -8 2000
G1 19 17 2000
G1 21 19 2000
G1 24 21 2000
G1 26 23 2000
G1 -95 167 2000
G1 -28 97 2000
G1 -8 80 2000
G1 5 72 2000
G1 15 68 2000
G1 23 65 2000
G1 32 63 2000
G1 39 60 2000
G1 46 58 2000
G1 51 54 2000
G1 56 50 2000
G1 60 45 2000
G1 63 38 2000
G1 64 31 2000
G1 66 24 2000
G1 67 15 2000
G1 69 6 2000
G1 72 -4 2000
G1 77 -18 2000
G1 92 -41 2000
G1 153 -116 2000
G1 26 23 2000
G1 24 21 2000
G1 21 19 2000
G1 19 17 2000
G1 10 9 2000
G1 -19 -17 2000
G1 -21 -19 2000
G1 -23 -21 2000
G1 28 -84 2000
G1 68 -136 2000
G1 22 -89 2000
G1 5 -77 2000
G1 -6 -71 2000
G1 -16 -68 2000
G1 -25 -66 2000
G1 -33 -64 2000
G1 -40 -62 2000
G1 -47 -59 2000
G1 -53 -56 2000
G1 -58 -52 2000
G1 -62 -46 2000
G1 -64 -40 2000
G1 -66 -33 2000
G1 -67 -25 2000
G1 -68 -17 2000
G1 -69 -8 2000
G1 -71 3 2000
G1 -75 15 2000
G1 -85 33 2000
G1 -125 85 2000
G1 -79 38 2000
G1 -23 -21 2000
G1 -21 -19 2000
G1 -19 -17 2000
G1 -10 -9 2000
G1 19 17 2000
G1 21 19 2000
G1 23 21 2000
G1 -72 135 2000
G1 -46 111 2000
G1 -18 85 2000
G1 -3 75 2000
G1 8 71 2000
G1 17 68 2000
G1 26 66 2000
G1 34 65 2000
G1 42 63 2000
G1 49 61 2000
G1 55 58 2000
G1 60 54 2000
G1 64 48 2000
G1 66 42 2000
G1 68 34 2000
G1 68 26 2000
G1 69 18 2000
G1 69 9 2000
G1 71 -1 2000
G1 74 -13 2000
G1 81 -28 2000
G1 103 -60 2000
G1 123 -89 2000
G1 23 21 2000
G1 21 19 2000
G1 19 17 2000
G1 10 9 2000
G1 -19 -17 2000
G1 -21 -18 2000
G1 -23 -20 2000
G1 101 -168 2000
G1 36 -100 2000
G1 15 -81 2000
G1 2 -74 2000
G1 -9 -70 2000
G1 -18 -68 2000
G1 -27 -67 2000
G1 -36 -66 2000
G1 -44 -65 2000
G1 -51 -63 2000
G1 -58 -60 2000
G1 -63 -56 2000
G1 -66 -50 2000
G1 -68 -43 2000
G1 -69 -36 2000
G1 -70 -27 2000
G1 -69 -19 2000
G1 -70 -10 2000
G1 -70 0 2000
G1 -73 11 2000
G1 -78 25 2000
G1 -93 49 2000
G1 -153 122 2000
G1 -23 -20 2000
G1 -21 -18 2000
G1 -19 -17 2000
G1 -10 -9 2000
G1 18 16 2000
G1 20 18 2000
G1 -8 56 2000
G1 -94 159 2000
G1 -30 93 2000
G1 -13 79 2000
G1 0 73 2000
G1 10 70 2000
G1 19 69 2000
G1 28 68 2000
G1 37 68 2000
G1 46 67 2000
G1 53 65 2000
G1 60 62 2000
G1 65 58 2000
G1 69 52 2000
G1 71 45 2000
G1 71 37 2000
G1 71 29 2000
G1 71 20 2000
G1 70 10 2000
G1 70 1 2000
G1 72 -10 2000
G1 76 -22 2000
G1 87 -42 2000
G1 145 -114 2000
G1 54 -15 2000
G1 20 18 2000
G1 18 16 2000
G1 10 9 2000
G1 -18 -16 2000
G1 -20 -18 2000
G1 60 -114 2000
G1 62 -122 2000
G1 27 -88 2000
G1 11 -77 2000
G1 0 -72 2000
G1 -10 -70 2000
G1 -20 -69 2000
G1 -29 -69 2000
G1 -38 -69 2000
G1 -47 -69 2000
G1 -56 -67 2000
G1 -63 -65 2000
G1 -68 -60 2000
G1 -72 -55 2000
G1 -73 -47 2000
G1 -73 -39 2000
G1 -73 -30 2000
G1 -72 -20 2000
G1 -71 -11 2000
G1 -70 -1 2000
G1 -71 9 2000
G1 -75 21 2000
G1 -83 38 2000
G1 -112 77 2000
G1 -105 75 2000
G1 -20 -18 2000
G1 -18 -16 2000
G1 -11 -10 2000
G1 18 16 2000
G1 20 18 2000
G1 -90 148 2000
G1 -50 108 2000
G1 -24 84 2000
G1 -10 76 2000
G1 1 72 2000
G1 11 70 2000
G1 20 70 2000
G1 30 70 2000
G1 40 71 2000
G1 49 71 2000
G1 58 70 2000
G1 65 67 2000
G1 71 63 2000
G1 75 57 2000
G1 76 49 2000
G1 76 40 2000
G1 74 31 2000
G1 73 21 2000
G1 71 12 2000
G1 70 2 2000
G1 71 -8 2000
G1 73 -19 2000
G1 80 -34 2000
G1 100 -64 2000
G1 134 -109 2000
G1 20 18 2000
G1 18 16 2000
G1 11 10 2000
G1 -17 -15 2000
G1 -19 -17 2000
G1 113 -174 2000
G1 44 -100 2000
G1 22 -82 2000
G1 9 -74 2000
G1 -1 -71 2000
G1 -11 -70 2000
G1 -21 -70 2000
G1 -31 -71 2000
G1 -41 -72 2000
G1 -51 -73 2000
G1 -60 -72 2000
G1 -68 -70 2000
G1 -74 -66 2000
G1 -78 -60 2000
G1 -79 -51 2000
G1 -78 -42 2000
G1 -76 -32 2000
G1 -74 -22 2000
G1 -72 -12 2000
G1 -70 -2 2000
G1 -70 8 2000
G1 -72 18 2000
G1 -77 32 2000
G1 -93 56 2000
G1 -157 135 2000
G1 -19 -17 2000
G1 -17 -15 2000
G1 -11 -10 2000
G1 17 15 2000
G1 28 7 2000
G1 166 -147 2000
G1 87 -51 2000
G1 75 -31 2000
G1 71 -18 2000
G1 70 -7 2000
G1 71 2 2000
G1 73 12 2000
G1 75 22 2000
G1 78 33 2000
G1 81 44 2000
G1 82 54 2000
G1 81 62 2000
G1 78 69 2000
G1 72 74 2000
G1 63 75 2000
G1 53 75 2000
G1 42 74 2000
G1 31 72 2000
G1 21 71 2000
G1 11 70 2000
G1 1 71 2000
G1 -9 73 2000
G1 -21 79 2000
G1 -39 94 2000
G1 -124 185 2000
G1 10 27 2000
G1 17 15 2000
G1 11 10 2000
G1 -16 -15 2000
G1 52 -97 2000
G1 79 -133 2000
G1 36 -89 2000
G1 20 -77 2000
G1 8 -72 2000
G1 -1 -70 2000
G1 -11 -70 2000
G1 -21 -72 2000
G1 -32 -74 2000
G1 -43 -76 2000
G1 -55 -78 2000
G1 -66 -78 2000
G1 -75 -77 2000
G1 -82 -73 2000
G1 -85 -66 2000
G1 -85 -56 2000
G1 -83 -45 2000
G1 -80 -34 2000
G1 -76 -23 2000
G1 -73 -12 2000
G1 -71 -2 2000
G1 -70 7 2000
G1 -70 18 2000
G1 -74 30 2000
G1 -83 47 2000
G1 -121 96 2000
G1 -89 64 2000
G1 -16 -15 2000
G1 -12 -10 2000
G1 16 14 2000
G1 -81 128 2000
G1 -66 117 2000
G1 -34 86 2000
G1 -19 76 2000
G1 -8 72 2000
G1 1 70 2000
G1 11 71 2000
G1 21 72 2000
G1 33 75 2000
G1 45 78 2000
G1 57 80 2000
G1 69 82 2000
G1 79 81 2000
G1 86 77 2000
G1 90 69 2000
G1 89 59 2000
G1 86 47 2000
G1 82 35 2000
G1 78 23 2000
G1 74 12 2000
G1 71 2 2000
G1 69 -8 2000
G1 69 -17 2000
G1 72 -29 2000
G1 80 -45 2000
G1 107 -81 2000
G1 116 -97 2000
G1 16 14 2000
G1 12 10 2000
G1 -15 -14 2000
G1 102 -152 2000
G1 59 -107 2000
G1 33 -83 2000
G1 19 -74 2000
G1 9 -71 2000
G1 -1 -70 2000
G1 -11 -71 2000
G1 -21 -73 2000
G1 -33 -76 2000
G1 -46 -80 2000
G1 -59 -83 2000
G1 -72 -86 2000
G1 -84 -85 2000
G1 -91 -81 2000
G1 -94 -73 2000
G1 -93 -62 2000
G1 -89 -49 2000
G1 -84 -36 2000
G1 -79 -23 2000
G1 -74 -12 2000
G1 -71 -2 2000
G1 -69 8 2000
G1 -69 18 2000
G1 -71 28 2000
G1 -78 43 2000
G1 -98 72 2000
G1 -136 121 2000
G1 -15 -14 2000
G1 -12 -11 2000
G1 15 13 2000
G1 -120 171 2000
G1 -54 100 2000
G1 -32 81 2000
G1 -19 73 2000
G1 -9 70 2000
G1 0 69 2000
G1 10 71 2000
G1 21 73 2000
G1 33 77 2000
G1 47 82 2000
G1 61 86 2000
G1 76 90 2000
G1 88 90 2000
G1 97 86 2000
G1 100 77 2000
G1 98 65 2000
G1 93 51 2000
G1 86 37 2000
G1 80 23 2000
G1 75 12 2000
G1 71 1 2000
G1 68 -8 2000
G1 68 -18 2000
G1 69 -28 2000
G1 75 -42 2000
G1 92 -67 2000
G1 153 -141 2000
G1 15 13 2000
G1 12 11 2000
G1 -14 -12 2000
G1 135 -186 2000
G1 51 -95 2000
G1 31 -78 2000
G1 19 -72 2000
G1 10 -69 2000
G1 1 -69 2000
G1 -9 -70 2000
G1 -20 -74 2000
G1 -33 -78 2000
G1 -48 -84 2000
G1 -64 -89 2000
G1 -80 -94 2000
G1 -94 -95 2000
G1 -103 -91 2000
G1 -106 -82 2000
G1 -103 -68 2000
G1 -96 -52 2000
G1 -88 -37 2000
G1 -81 -23 2000
G1 -75 -11 2000
G1 -70 -1 2000
G1 -68 9 2000
G1 -67 18 2000
G1 -68 28 2000
G1 -73 41 2000
G1 -87 63 2000
G1 -167 158 2000
G1 -14 -12 2000
G1 -12 -11 2000
G1 -17 47 2000
G1 -117 165 2000
G1 -49 91 2000
G1 -31 77 2000
G1 -20 71 2000
G1 -11 68 2000
G1 -1 68 2000
G1 8 70 2000
G1 20 74 2000
G1 33 79 2000
G1 48 86 2000
G1 66 93 2000
G1 84 99 2000
G1 100 101 2000
G1 110 98 2000
G1 112 87 2000
G1 108 72 2000
G1 100 54 2000
G1 90 38 2000
G1 82 23 2000
G1 75 10 2000
G1 70 0 2000
G1 67 -10 2000
G1 66 -19 2000
G1 67 -29 2000
G1 71 -41 2000
G1 84 -60 2000
G1 148 -138 2000
G1 44 -23 2000
G1 13 11 2000
G1 53 -87 2000
G1 94 -137 2000
G1 47 -88 2000
G1 31 -75 2000
G1 21 -69 2000
G1 12 -67 2000
G1 3 -68 2000
G1 -7 -70 2000
G1 -19 -74 2000
G1 -32 -80 2000
G1 -49 -87 2000
G1 -68 -96 2000
G1 -88 -104 2000
G1 -107 -108 2000
G1 -118 -105 2000
G1 -120 -93 2000
G1 -114 -75 2000
G1 -103 -56 2000
G1 -92 -38 2000
G1 -83 -22 2000
G1 -75 -9 2000
G1 -70 2 2000
G1 -66 11 2000
G1 -65 20 2000
G1 -66 29 2000
G1 -70 41 2000
G1 -80 58 2000
G1 -123 111 2000
G1 -79 64 2000
G1 -13 -11 2000
G1 -75 110 2000
G1 -84 123 2000
G1 -46 85 2000
G1 -32 73 2000
G1 -21 68 2000
G1 -13 66 2000
G1 -4 67 2000
G1 6 69 2000
G1 17 74 2000
G1 31 80 2000
G1 49 89 2000
G1 70 100 2000
G1 93 110 2000
G1 114 116 2000
G1 127 113 2000
G1 128 100 2000
G1 120 80 2000
G1 107 58 2000
G1 94 38 2000
G1 83 21 2000
G1 75 8 2000
G1 69 -3 2000
G1 65 -12 2000
G1 64 -21 2000
G1 64 -30 2000
G1 68 -41 2000
G1 78 -57 2000
G1 111 -99 2000
G1 99 -89 2000
G1 13 12 2000
G1 92 -127 2000
G1 77 -114 2000
G1 46 -82 2000
G1 32 -72 2000
G1 23 -67 2000
G1 14 -65 2000
G1 6 -66 2000
G1 -4 -68 2000
G1 -15 -73 2000
G1 -30 -80 2000
G1 -48 -90 2000
G1 -72 -103 2000
G1 -98 -116 2000
G1 -123 -125 2000
G1 -138 -123 2000
G1 -138 -108 2000
G1 -126 -84 2000
G1 -110 -59 2000
G1 -95 -37 2000
G1 -83 -20 2000
G1 -74 -6 2000
G1 -68 5 2000
G1 -64 14 2000
G1 -62 22 2000
G1 -63 31 2000
G1 -66 41 2000
G1 -75 56 2000
G1 -103 92 2000
G1 -114 108 2000
G1 -13 -12 2000
G1 -105 141 2000
G1 -73 108 2000
G1 -46 80 2000
G1 -33 70 2000
G1 -24 66 2000
G1 -16 64 2000
G1 -7 65 2000
G1 2 67 2000
G1 13 72 2000
G1 28 80 2000
G1 48 91 2000
G1 73 106 2000
G1 104 123 2000
G1 133 135 2000
G1 151 134 2000
G1 150 117 2000
G1 134 88 2000
G1 114 60 2000
G1 96 36 2000
G1 82 18 2000
G1 73 4 2000
G1 67 -7 2000
G1 63 -16 2000
G1 61 -24 2000
G1 62 -32 2000
G1 65 -42 2000
G1 73 -56 2000
G1 97 -87 2000
G1 126 -123 2000
G1 13 12 2000
G1 117 -152 2000
G1 71 -103 2000
G1 46 -78 2000
G1 34 -68 2000
G1 25 -64 2000
G1 17 -63 2000
G1 9 -63 2000
G1 0 -66 2000
G1 -11 -71 2000
G1 -26 -80 2000
G1 -46 -92 2000
G1 -74 -109 2000
G1 -109 -130 2000
G1 -145 -147 2000
G1 -167 -148 2000
G1 -163 -127 2000
G1 -141 -93 2000
G1 -116 -60 2000
G1 -96 -34 2000
G1 -81 -16 2000
G1 -72 -2 2000
G1 -65 9 2000
G1 -61 17 2000
G1 -60 25 2000
G1 -60 33 2000
G1 -63 42 2000
G1 -71 56 2000
G1 -92 83 2000
G1 -136 136 2000
G1 -13 -12 2000
G1 -126 162 2000
G1 -69 99 2000
G1 -46 76 2000
G1 -35 67 2000
G1 -26 63 2000
G1 -19 61 2000
G1 -12 62 2000
G1 -3 65 2000
G1 8 70 2000
G1 23 78 2000
G1 43 91 2000
G1 73 111 2000
G1 114 137 2000
G1 159 161 2000
G1 186 166 2000
G1 179 139 2000
G1 149 97 2000
G1 118 60 2000
G1 95 32 2000
G1 80 13 2000
G1 70 -1 2000
G1 63 -11 2000
G1 60 -19 2000
G1 58 -27 2000
G1 59 -34 2000
G1 62 -43 2000
G1 69 -56 2000
G1 88 -81 2000
G1 143 -147 2000
G1 14 12 2000
G1 135 -170 2000
G1 68 -95 2000
G1 47 -74 2000
G1 36 -65 2000
G1 28 -61 2000
G1 21 -60 2000
G1 14 -60 2000
G1 6 -63 2000
G1 -4 -68 2000
G1 -19 -76 2000
G1 -40 -90 2000
G1 -72 -112 2000
G1 -119 -144 2000
G1 -175 -178 2000
G1 -211 -187 2000
G1 -197 -153 2000
G1 -156 -101 2000
G1 -119 -58 2000
G1 -94 -28 2000
G1 -77 -9 2000
G1 -67 4 2000
G1 -61 14 2000
G1 -58 22 2000
G1 -56 29 2000
G1 -57 36 2000
G1 -60 44 2000
G1 -67 56 2000
G1 -85 80 2000
G1 -150 156 2000
G1 -14 -12 2000
G1 -142 176 2000
G1 -67 92 2000
G1 -47 72 2000
G1 -37 64 2000
G1 -30 60 2000
G1 -23 58 2000
G1 -17 58 2000
G1 -9 61 2000
G1 0 65 2000
G1 14 74 2000
G1 35 88 2000
G1 68 112 2000
G1 122 150 2000
G1 194 197 2000
G1 242 215 2000
G1 219 170 2000
G1 163 103 2000
G1 118 54 2000
G1 91 24 2000
G1 74 5 2000
G1 64 -8 2000
G1 59 -17 2000
G1 55 -24 2000
G1 54 -31 2000
G1 55 -37 2000
G1 58 -45 2000
G1 65 -57 2000
G1 82 -79 2000
G1 155 -164 2000
G1 14 12 2000
G1 148 -181 2000
G1 67 -90 2000
G1 48 -71 2000
G1 39 -62 2000
G1 32 -58 2000
G1 26 -56 2000
G1 20 -56 2000
G1 13 -58 2000
G1 4 -62 2000
G1 -9 -70 2000
G1 -28 -84 2000
G1 -62 -109 2000
G1 -123 -154 2000
G1 -216 -220 2000
G1 -284 -253 2000
G1 -244 -189 2000
G1 -167 -103 2000
G1 -115 -49 2000
G1 -86 -18 2000
G1 -70 0 2000
G1 -61 12 2000
G1 -56 20 2000
G1 -53 27 2000
G1 -52 33 2000
G1 -53 39 2000
G1 -57 46 2000
G1 -64 57 2000
G1 -80 78 2000
G1 -160 171 2000
G1 -14 -12 2000
G1 -153 185 2000
G1 -67 87 2000
G1 -49 69 2000
G1 -40 61 2000
G1 -33 57 2000
G1 -28 54 2000
G1 -23 54 2000
G1 -16 55 2000
G1 -9 59 2000
G1 2 66 2000
G1 21 79 2000
G1 53 104 2000
G1 118 154 2000
G1 241 246 2000
G1 344 305 2000
G1 273 210 2000
G1 167 99 2000
G1 109 40 2000
G1 80 11 2000
G1 65 -6 2000
G1 57 -16 2000
G1 53 -23 2000
G1 50 -29 2000
G1 50 -35 2000
G1 52 -40 2000
G1 55 -48 2000
G1 62 -58 2000
G1 78 -78 2000
G1 163 -177 2000
G1 14 12 2000
G1 158 -188 2000
G1 67 -85 2000
G1 50 -68 2000
G1 42 -59 2000
G1 35 -55 2000
G1 30 -52 2000
G1 26 -52 2000
G1 20 -52 2000
G1 14 -55 2000
G1 5 -61 2000
G1 -11 -72 2000
G1 -40 -95 2000
G1 -107 -148 2000
G1 -265 -273 2000
G1 -433 -385 2000
G1 -302 -230 2000
G1 -159 -88 2000
G1 -99 -29 2000
G1 -72 -2 2000
G1 -59 12 2000
G1 -53 21 2000
G1 -49 27 2000
G1 -48 32 2000
G1 -48 37 2000
G1 -50 42 2000
G1 -53 49 2000
G1 -60 59 2000
G1 -76 78 2000
G1 -165 181 2000
G1 -14 -12 2000
G1 -161 190 2000
G1 -68 84 2000
G1 -52 66 2000
G1 -43 58 2000
G1 -37 53 2000
G1 -33 50 2000
G1 -29 49 2000
G1 -24 49 2000
G1 -19 51 2000
G1 -12 55 2000
G1 0 63 2000
G1 24 82 2000
G1 84 132 2000
G1 278 292 2000
G1 580 516 2000
G1 322 241 2000
G1 140 67 2000
G1 84 13 2000
G1 62 -8 2000
G1 53 -19 2000
G1 48 -26 2000
G1 45 -31 2000
G1 45 -35 2000
G1 45 -39 2000
G1 48 -44 2000
G1 52 -50 2000
G1 59 -60 2000
G1 74 -78 2000
G1 167 -185 2000
G1 14 13 2000
G1 164 -191 2000
G1 69 -82 2000
G1 53 -65 2000
G1 45 -56 2000
G1 39 -51 2000
G1 35 -48 2000
G1 32 -46 2000
G1 29 -46 2000
G1 25 -46 2000
G1 20 -48 2000
G1 12 -53 2000
G1 -3 -66 2000
G1 -47 -102 2000
G1 -248 -274 2000
G1 -852 -757 2000
G1 -301 -214 2000
G1 -106 -34 2000
G1 -65 5 2000
G1 -51 19 2000
G1 -45 26 2000
G1 -42 31 2000
G1 -41 34 2000
G1 -42 38 2000
G1 -43 41 2000
G1 -46 46 2000
G1 -50 52 2000
G1 -57 61 2000
G1 -72 79 2000
G1 -167 188 2000
G1 -14 -13 2000
G1 -166 191 2000
G1 -70 81 2000
G1 -54 64 2000
G1 -46 55 2000
G1 -41 50 2000
G1 -38 46 2000
G1 -35 44 2000
G1 -33 42 2000
G1 -31 41 2000
G1 -28 41 2000
G1 -25 43 2000
G1 -19 47 2000
G1 -3 60 2000
G1 103 153 2000
G1 1392 1237 2000
G1 164 84 2000
G1 59 -10 2000
G1 43 -25 2000
G1 39 -31 2000
G1 37 -34 2000
G1 37 -36 2000
G1 37 -38 2000
G1 39 -41 2000
G1 41 -44 2000
G1 44 -48 2000
G1 48 -53 2000
G1 56 -62 2000
G1 71 -80 2000
G1 167 -190 2000
G1 14 13 2000
G1 -166 191 2000
G1 -70 81 2000
G1 -54 63 2000
G1 -46 55 2000
G1 -42 49 2000
G1 -38 46 2000
G1 -35 44 2000
G1 -33 42 2000
G1 -31 41 2000
G1 -29 41 2000
G1 -26 42 2000
G1 -20 46 2000
G1 -5 58 2000
G1 94 145 2000
G1 1421 1263 2000
G1 155 76 2000
G1 57 -12 2000
G1 43 -26 2000
G1 38 -31 2000
G1 37 -34 2000
G1 37 -36 2000
G1 37 -38 2000
G1 38 -41 2000
G1 40 -44 2000
G1 43 -48 2000
G1 48 -53 2000
G1 56 -62 2000
G1 71 -80 2000
G1 167 -190 2000
G1 -14 -13 2000
G1 164 -191 2000
G1 69 -82 2000
G1 53 -65 2000
G1 45 -56 2000
G1 39 -51 2000
G1 35 -48 2000
G1 32 -46 2000
G1 29 -46 2000
G1 25 -46 2000
G1 20 -48 2000
G1 13 -53 2000
G1 -3 -65 2000
G1 -45 -101 2000
G1 -245 -272 2000
G1 -867 -771 2000
G1 -299 -211 2000
G1 -105 -32 2000
G1 -65 6 2000
G1 -51 19 2000
G1 -45 26 2000
G1 -42 31 2000
G1 -41 35 2000
G1 -42 38 2000
G1 -43 41 2000
G1 -46 46 2000
G1 -50 52 2000
G1 -57 61 2000
G1 -72 79 2000
G1 -167 188 2000
G1 14 13 2000
G1 -161 190 2000
G1 -68 84 2000
G1 -52 66 2000
G1 -43 58 2000
G1 -37 53 2000
G1 -33 50 2000
G1 -29 49 2000
G1 -25 49 2000
G1 -20 51 2000
G1 -12 55 2000
G1 -1 63 2000
G1 23 82 2000
G1 82 131 2000
G1 278 292 2000
G1 588 523 2000
G1 322 241 2000
G1 139 66 2000
G1 83 13 2000
G1 62 -8 2000
G1 52 -19 2000
G1 47 -26 2000
G1 45 -31 2000
G1 45 -35 2000
G1 45 -39 2000
G1 48 -44 2000
G1 52 -50 2000
G1 59 -60 2000
G1 74 -78 2000
G1 167 -185 2000
G1 -14 -13 2000
G1 158 -188 2000
G1 67 -85 2000
G1 50 -68 2000
G1 42 -59 2000
G1 35 -55 2000
G1 30 -52 2000
G1 26 -52 2000
G1 21 -52 2000
G1 14 -55 2000
G1 5 -61 2000
G1 -11 -72 2000
G1 -40 -95 2000
G1 -106 -148 2000
G1 -265 -274 2000
G1 -438 -389 2000
G1 -303 -231 2000
G1 -158 -87 2000
G1 -98 -28 2000
G1 -72 -2 2000
G1 -59 12 2000
G1 -52 21 2000
G1 -49 27 2000
G1 -48 32 2000
G1 -48 37 2000
G1 -50 42 2000
G1 -53 49 2000
G1 -60 59 2000
G1 -76 78 2000
G1 -165 181 2000
G1 14 12 2000
G1 -154 185 2000
G1 -67 87 2000
G1 -49 69 2000
G1 -40 61 2000
G1 -33 57 2000
G1 -28 54 2000
G1 -23 54 2000
G1 -17 55 2000
G1 -9 59 2000
G1 2 66 2000
G1 20 79 2000
G1 53 103 2000
G1 118 154 2000
G1 242 247 2000
G1 346 308 2000
G1 274 211 2000
G1 167 99 2000
G1 108 40 2000
G1 80 10 2000
G1 65 -6 2000
G1 57 -16 2000
G1 52 -24 2000
G1 50 -29 2000
G1 50 -35 2000
G1 51 -41 2000
G1 55 -48 2000
G1 62 -58 2000
G1 78 -78 2000
G1 163 -177 2000
G1 -14 -12 2000
G1 148 -181 2000
G1 67 -90 2000
G1 48 -71 2000
G1 39 -62 2000
G1 32 -58 2000
G1 26 -56 2000
G1 20 -56 2000
G1 13 -58 2000
G1 4 -62 2000
G1 -8 -70 2000
G1 -28 -84 2000
G1 -62 -109 2000
G1 -123 -154 2000
G1 -217 -221 2000
G1 -286 -254 2000
G1 -245 -190 2000
G1 -167 -103 2000
G1 -115 -48 2000
G1 -86 -18 2000
G1 -70 0 2000
G1 -61 12 2000
G1 -56 20 2000
G1 -53 27 2000
G1 -52 33 2000
G1 -53 39 2000
G1 -57 46 2000
G1 -64 57 2000
G1 -80 78 2000
G1 -160 171 2000
G1 14 12 2000
G1 -142 176 2000
G1 -67 92 2000
G1 -47 72 2000
G1 -37 64 2000
G1 -30 60 2000
G1 -23 58 2000
G1 -17 58 2000
G1 -9 61 2000
G1 0 65 2000
G1 14 74 2000
G1 35 88 2000
G1 68 112 2000
G1 122 150 2000
G1 195 198 2000
G1 243 216 2000
G1 219 170 2000
G1 163 103 2000
G1 118 54 2000
G1 91 24 2000
G1 74 5 2000
G1 64 -8 2000
G1 58 -17 2000
G1 55 -24 2000
G1 54 -31 2000
G1 55 -37 2000
G1 58 -45 2000
G1 65 -57 2000
G1 82 -79 2000
G1 156 -164 2000
G1 -14 -12 2000
G1 135 -170 2000
G1 68 -95 2000
G1 47 -74 2000
G1 36 -65 2000
G1 28 -61 2000
G1 21 -60 2000
G1 14 -60 2000
G1 6 -63 2000
G1 -4 -68 2000
G1 -19 -76 2000
G1 -40 -90 2000
G1 -72 -112 2000
G1 -119 -144 2000
G1 -176 -178 2000
G1 -212 -188 2000
G1 -198 -154 2000
G1 -157 -101 2000
G1 -119 -58 2000
G1 -94 -28 2000
G1 -77 -9 2000
G1 -67 4 2000
G1 -61 14 2000
G1 -57 22 2000
G1 -56 29 2000
G1 -57 36 2000
G1 -60 44 2000
G1 -67 56 2000
G1 -85 79 2000
G1 -150 156 2000
G1 14 12 2000
G1 -127 162 2000
G1 -69 98 2000
G1 -46 76 2000
G1 -35 67 2000
G1 -27 63 2000
G1 -19 61 2000
G1 -12 62 2000
G1 -3 65 2000
G1 8 70 2000
G1 22 78 2000
G1 43 91 2000
G1 73 111 2000
G1 114 137 2000
G1 160 162 2000
G1 187 166 2000
G1 179 139 2000
G1 149 97 2000
G1 118 59 2000
G1 95 32 2000
G1 80 13 2000
G1 70 -1 2000
G1 63 -11 2000
G1 59 -20 2000
G1 58 -27 2000
G1 58 -34 2000
G1 62 -43 2000
G1 69 -56 2000
G1 88 -81 2000
G1 144 -147 2000
G1 -13 -12 2000
G1 117 -153 2000
G1 71 -102 2000
G1 46 -78 2000
G1 34 -68 2000
G1 25 -64 2000
G1 17 -63 2000
G1 10 -63 2000
G1 1 -66 2000
G1 -11 -71 2000
G1 -25 -79 2000
G1 -46 -92 2000
G1 -74 -109 2000
G1 -109 -130 2000
G1 -146 -148 2000
G1 -168 -149 2000
G1 -164 -127 2000
G1 -141 -93 2000
G1 -116 -60 2000
G1 -96 -34 2000
G1 -81 -16 2000
G1 -71 -2 2000
G1 -65 9 2000
G1 -61 17 2000
G1 -60 25 2000
G1 -60 33 2000
G1 -63 42 2000
G1 -71 56 2000
G1 -92 83 2000
G1 -136 136 2000
G1 13 12 2000
G1 -106 142 2000
G1 -73 108 2000
G1 -46 80 2000
G1 -33 70 2000
G1 -24 65 2000
G1 -16 64 2000
G1 -8 65 2000
G1 2 67 2000
G1 13 72 2000
G1 28 80 2000
G1 48 91 2000
G1 73 106 2000
G1 104 123 2000
G1 134 136 2000
G1 152 135 2000
G1 150 117 2000
G1 134 88 2000
G1 114 60 2000
G1 96 36 2000
G1 82 18 2000
G1 73 4 2000
G1 67 -7 2000
G1 63 -16 2000
G1 61 -24 2000
G1 61 -32 2000
G1 65 -42 2000
G1 73 -56 2000
G1 97 -87 2000
G1 126 -124 2000
G1 -13 -12 2000
G1 92 -128 2000
G1 77 -114 2000
G1 46 -82 2000
G1 32 -71 2000
G1 23 -67 2000
G1 14 -65 2000
G1 6 -66 2000
G1 -4 -68 2000
G1 -15 -73 2000
G1 -30 -80 2000
G1 -48 -90 2000
G1 -72 -103 2000
G1 -99 -116 2000
G1 -124 -125 2000
G1 -139 -123 2000
G1 -139 -108 2000
G1 -127 -84 2000
G1 -110 -59 2000
G1 -95 -37 2000
G1 -83 -20 2000
G1 -74 -6 2000
G1 -68 5 2000
G1 -64 14 2000
G1 -62 22 2000
G1 -63 31 2000
G1 -66 41 2000
G1 -75 56 2000
G1 -103 91 2000
G1 -114 108 2000
G1 13 12 2000
G1 -76 111 2000
G1 -83 123 2000
G1 -46 85 2000
G1 -32 73 2000
G1 -22 68 2000
G1 -13 66 2000
G1 -4 67 2000
G1 6 69 2000
G1 17 74 2000
G1 31 80 2000
G1 49 89 2000
G1 70 100 2000
G1 93 110 2000
G1 115 116 2000
G1 128 114 2000
G1 129 100 2000
G1 120 80 2000
G1 107 58 2000
G1 94 38 2000
G1 83 21 2000
G1 75 8 2000
G1 69 -3 2000
G1 65 -12 2000
G1 64 -21 2000
G1 64 -30 2000
G1 68 -41 2000
G1 78 -57 2000
G1 210 -189 2000
G1 -13 -11 2000
G1 54 -88 2000
G1 93 -136 2000
G1 47 -88 2000
G1 31 -75 2000
G1 21 -69 2000
G1 12 -67 2000
G1 3 -68 2000
G1 -7 -70 2000
G1 -18 -74 2000
G1 -32 -80 2000
G1 -49 -87 2000
G1 -68 -96 2000
G1 -89 -104 2000
G1 -107 -108 2000
G1 -118 -105 2000
G1 -120 -93 2000
G1 -114 -76 2000
G1 -103 -56 2000
G1 -92 -38 2000
G1 -83 -22 2000
G1 -75 -9 2000
G1 -70 2 2000
G1 -66 11 2000
G1 -65 20 2000
G1 -66 29 2000
G1 -70 41 2000
G1 -80 58 2000
G1 -122 110 2000
G1 -80 65 2000
G1 13 11 2000
G1 -20 50 2000
G1 -116 163 2000
G1 -49 91 2000
G1 -31 76 2000
G1 -20 70 2000
G1 -11 68 2000
G1 -2 68 2000
G1 8 70 2000
G1 20 74 2000
G1 33 79 2000
G1 48 86 2000
G1 66 93 2000
G1 84 99 2000
G1 100 102 2000
G1 110 98 2000
G1 113 87 2000
G1 108 72 2000
G1 100 54 2000
G1 90 38 2000
G1 82 23 2000
G1 75 10 2000
G1 70 0 2000
G1 67 -10 2000
G1 66 -19 2000
G1 67 -29 2000
G1 71 -41 2000
G1 83 -60 2000
G1 146 -136 2000
G1 46 -26 2000
G1 -12 -11 2000
G1 -14 -12 2000
G1 135 -187 2000
G1 51 -95 2000
G1 31 -78 2000
G1 19 -72 2000
G1 10 -69 2000
G1 1 -69 2000
G1 -9 -70 2000
G1 -20 -74 2000
G1 -33 -78 2000
G1 -48 -84 2000
G1 -64 -90 2000
G1 -80 -94 2000
G1 -94 -96 2000
G1 -103 -92 2000
G1 -106 -82 2000
G1 -103 -68 2000
G1 -96 -53 2000
G1 -88 -37 2000
G1 -81 -23 2000
G1 -75 -11 2000
G1 -70 0 2000
G1 -68 9 2000
G1 -67 18 2000
G1 -68 28 2000
G1 -73 41 2000
G1 -87 63 2000
G1 -167 159 2000
G1 -14 -12 2000
G1 12 11 2000
G1 15 13 2000
G1 -120 171 2000
G1 -54 100 2000
G1 -32 80 2000
G1 -19 73 2000
G1 -9 70 2000
G1 0 69 2000
G1 10 71 2000
G1 21 73 2000
G1 33 77 2000
G1 47 82 2000
G1 62 86 2000
G1 76 90 2000
G1 89 90 2000
G1 97 86 2000
G1 100 77 2000
G1 98 65 2000
G1 93 51 2000
G1 86 37 2000
G1 80 23 2000
G1 75 12 2000
G1 71 1 2000
G1 68 -8 2000
G1 68 -18 2000
G1 69 -28 2000
G1 75 -42 2000
G1 92 -66 2000
G1 153 -142 2000
G1 15 13 2000
G1 -12 -11 2000
G1 -15 -14 2000
G1 103 -152 2000
G1 59 -107 2000
G1 33 -83 2000
G1 19 -74 2000
G1 9 -71 2000
G1 -1 -70 2000
G1 -11 -71 2000
G1 -21 -73 2000
G1 -33 -76 2000
G1 -46 -80 2000
G1 -59 -83 2000
G1 -73 -86 2000
G1 -84 -85 2000
G1 -91 -81 2000
G1 -95 -73 2000
G1 -93 -62 2000
G1 -90 -49 2000
G1 -84 -36 2000
G1 -79 -23 2000
G1 -74 -12 2000
G1 -71 -2 2000
G1 -69 8 2000
G1 -68 18 2000
G1 -71 28 2000
G1 -78 43 2000
G1 -98 72 2000
G1 -137 122 2000
G1 -15 -14 2000
G1 12 11 2000
G1 16 14 2000
G1 -81 129 2000
G1 -66 116 2000
G1 -34 86 2000
G1 -19 76 2000
G1 -8 71 2000
G1 1 70 2000
G1 11 71 2000
G1 21 72 2000
G1 33 75 2000
G1 45 78 2000
G1 57 81 2000
G1 69 82 2000
G1 79 81 2000
G1 86 77 2000
G1 90 69 2000
G1 89 59 2000
G1 86 47 2000
G1 82 35 2000
G1 78 23 2000
G1 74 12 2000
G1 71 2 2000
G1 69 -8 2000
G1 69 -17 2000
G1 72 -29 2000
G1 80 -45 2000
G1 106 -80 2000
G1 117 -98 2000
G1 16 14 2000
G1 -12 -10 2000
G1 -16 -15 2000
G1 53 -98 2000
G1 78 -132 2000
G1 36 -89 2000
G1 20 -77 2000
G1 8 -72 2000
G1 -1 -70 2000
G1 -11 -70 2000
G1 -21 -72 2000
G1 -32 -74 2000
G1 -43 -76 2000
G1 -55 -78 2000
G1 -66 -79 2000
G1 -75 -77 2000
G1 -82 -73 2000
G1 -85 -66 2000
G1 -86 -56 2000
G1 -84 -45 2000
G1 -80 -34 2000
G1 -77 -23 2000
G1 -73 -12 2000
G1 -71 -2 2000
G1 -70 7 2000
G1 -70 18 2000
G1 -74 30 2000
G1 -83 47 2000
G1 -120 95 2000
G1 -90 66 2000
G1 -16 -15 2000
G1 11 10 2000
G1 17 15 2000
G1 35 -2 2000
G1 159 -139 2000
G1 87 -51 2000
G1 75 -31 2000
G1 71 -18 2000
G1 70 -7 2000
G1 71 2 2000
G1 73 12 2000
G1 75 22 2000
G1 78 33 2000
G1 81 44 2000
G1 82 54 2000
G1 81 63 2000
G1 78 69 2000
G1 72 74 2000
G1 63 75 2000
G1 53 75 2000
G1 42 74 2000
G1 31 72 2000
G1 21 71 2000
G1 11 70 2000
G1 1 71 2000
G1 -9 73 2000
G1 -21 79 2000
G1 -39 93 2000
G1 -117 177 2000
G1 2 36 2000
G1 17 15 2000
G1 -11 -10 2000
G1 -17 -15 2000
G1 -19 -17 2000
G1 114 -174 2000
G1 43 -99 2000
G1 22 -81 2000
G1 9 -74 2000
G1 -1 -71 2000
G1 -11 -70 2000
G1 -21 -70 2000
G1 -31 -71 2000
G1 -41 -72 2000
G1 -51 -73 2000
G1 -61 -73 2000
G1 -69 -70 2000
G1 -74 -66 2000
G1 -78 -60 2000
G1 -79 -51 2000
G1 -78 -42 2000
G1 -76 -32 2000
G1 -74 -22 2000
G1 -72 -12 2000
G1 -70 -2 2000
G1 -70 8 2000
G1 -72 18 2000
G1 -77 32 2000
G1 -92 56 2000
G1 -157 136 2000
G1 -19 -17 2000
G1 -17 -15 2000
G1 11 10 2000
G1 18 16 2000
G1 20 18 2000
G1 -91 149 2000
G1 -50 108 2000
G1 -24 84 2000
G1 -10 76 2000
G1 1 72 2000
G1 11 70 2000
G1 20 70 2000
G1 30 70 2000
G1 40 71 2000
G1 49 71 2000
G1 58 70 2000
G1 65 67 2000
G1 71 63 2000
G1 75 57 2000
G1 76 49 2000
G1 76 40 2000
G1 75 31 2000
G1 73 21 2000
G1 71 12 2000
G1 70 2 2000
G1 71 -8 2000
G1 73 -19 2000
G1 80 -34 2000
G1 100 -63 2000
G1 135 -110 2000
G1 20 18 2000
G1 18 16 2000
G1 -11 -10 2000
G1 -18 -16 2000
G1 -20 -18 2000
G1 62 -116 2000
G1 62 -121 2000
G1 26 -88 2000
G1 11 -77 2000
G1 0 -72 2000
G1 -10 -70 2000
G1 -20 -69 2000
G1 -29 -69 2000
G1 -38 -69 2000
G1 -47 -69 2000
G1 -56 -67 2000
G1 -63 -65 2000
G1 -68 -61 2000
G1 -72 -55 2000
G1 -73 -47 2000
G1 -74 -39 2000
G1 -73 -30 2000
G1 -72 -20 2000
G1 -71 -11 2000
G1 -70 -2 2000
G1 -71 9 2000
G1 -74 21 2000
G1 -83 37 2000
G1 -112 77 2000
G1 -107 76 2000
G1 -20 -18 2000
G1 -18 -16 2000
G1 10 9 2000
G1 18 16 2000
G1 20 18 2000
G1 -12 60 2000
G1 -91 156 2000
G1 -30 92 2000
G1 -12 79 2000
G1 0 73 2000
G1 10 70 2000
G1 19 69 2000
G1 28 68 2000
G1 37 68 2000
G1 46 67 2000
G1 53 65 2000
G1 60 62 2000
G1 65 58 2000
G1 69 52 2000
G1 71 45 2000
G1 71 37 2000
G1 71 29 2000
G1 71 20 2000
G1 70 10 2000
G1 70 1 2000
G1 72 -10 2000
G1 76 -22 2000
G1 87 -42 2000
G1 142 -111 2000
G1 57 -19 2000
G1 20 18 2000
G1 18 16 2000
G1 -10 -9 2000
G1 -19 -17 2000
G1 -21 -18 2000
G1 -23 -20 2000
G1 102 -169 2000
G1 36 -99 2000
G1 15 -81 2000
G1 2 -74 2000
G1 -9 -70 2000
G1 -18 -68 2000
G1 -27 -67 2000
G1 -36 -66 2000
G1 -44 -65 2000
G1 -51 -63 2000
G1 -58 -60 2000
G1 -63 -56 2000
G1 -66 -50 2000
G1 -69 -43 2000
G1 -69 -36 2000
G1 -70 -27 2000
G1 -70 -19 2000
G1 -70 -10 2000
G1 -70 0 2000
G1 -73 11 2000
G1 -78 25 2000
G1 -93 48 2000
G1 -154 123 2000
G1 -23 -20 2000
G1 -21 -18 2000
G1 -19 -17 2000
G1 10 9 2000
G1 19 17 2000
G1 21 19 2000
G1 23 21 2000
G1 -73 136 2000
G1 -46 110 2000
G1 -17 85 2000
G1 -3 75 2000
G1 8 71 2000
G1 17 68 2000
G1 26 66 2000
G1 34 65 2000
G1 42 63 2000
G1 49 61 2000
G1 55 58 2000
G1 60 54 2000
G1 64 48 2000
G1 66 42 2000
G1 68 34 2000
G1 68 26 2000
G1 69 18 2000
G1 69 9 2000
G1 71 -1 2000
G1 74 -12 2000
G1 81 -28 2000
G1 103 -59 2000
G1 125 -90 2000
G1 23 21 2000
G1 21 19 2000
G1 19 17 2000
G1 -10 -9 2000
G1 -19 -17 2000
G1 -21 -19 2000
G1 -23 -21 2000
G1 30 -87 2000
G1 67 -134 2000
G1 22 -89 2000
G1 5 -77 2000
G1 -6 -71 2000
G1 -16 -68 2000
G1 -25 -66 2000
G1 -33 -64 2000
G1 -41 -62 2000
G1 -47 -59 2000
G1 -53 -56 2000
G1 -58 -52 2000
G1 -62 -46 2000
G1 -64 -40 2000
G1 -66 -33 2000
G1 -67 -25 2000
G1 -68 -17 2000
G1 -69 -8 2000
G1 -71 2 2000
G1 -75 15 2000
G1 -85 33 2000
G1 -124 83 2000
G1 -82 41 2000
G1 -23 -21 2000
G1 -21 -19 2000
G1 -19 -17 2000
G1 10 9 2000
G1 19 17 2000
G1 21 19 2000
G1 24 21 2000
G1 26 23 2000
G1 -96 168 2000
G1 -28 96 2000
G1 -8 80 2000
G1 5 72 2000
G1 15 68 2000
G1 24 65 2000
G1 32 63 2000
G1 39 61 2000
G1 46 58 2000
G1 51 54 2000
G1 56 50 2000
G1 60 45 2000
G1 63 38 2000
G1 64 31 2000
G1 66 24 2000
G1 67 15 2000
G1 69 6 2000
G1 72 -4 2000
G1 77 -18 2000
G1 91 -40 2000
G1 154 -117 2000
G1 26 23 2000
G1 24 21 2000
G1 21 19 2000
G1 19 17 2000
G1 -9 -8 2000
G1 -20 -17 2000
G1 -22 -19 2000
G1 -24 -21 2000
G1 -26 -23 2000
G1 63 -130 2000
G1 40 -109 2000
G1 11 -83 2000
G1 -3 -74 2000
G1 -13 -68 2000
G1 -22 -65 2000
G1 -30 -62 2000
G1 -37 -59 2000
G1 -44 -56 2000
G1 -50 -53 2000
G1 -54 -48 2000
G1 -58 -43 2000
G1 -61 -37 2000
G1 -63 -30 2000
G1 -65 -22 2000
G1 -67 -14 2000
G1 -69 -5 2000
G1 -73 6 2000
G1 -80 22 2000
G1 -103 53 2000
G1 -120 79 2000
G1 -26 -23 2000
G1 -24 -21 2000
G1 -22 -19 2000
G1 -20 -17 2000
G1 9 8 2000
G1 20 18 2000
G1 22 19 2000
G1 24 21 2000
G1 26 23 2000
G1 -3 61 2000
G1 -74 148 2000
G1 -17 89 2000
G1 0 76 2000
G1 11 69 2000
G1 21 65 2000
G1 29 61 2000
G1 36 58 2000
G1 42 55 2000
G1 48 51 2000
G1 52 47 2000
G1 56 41 2000
G1 59 35 2000
G1 62 28 2000
G1 64 21 2000
G1 66 12 2000
G1 69 3 2000
G1 74 -9 2000
G1 85 -28 2000
G1 136 -92 2000
G1 60 -10 2000
G1 26 23 2000
G1 24 21 2000
G1 22 19 2000
G1 20 18 2000
G1 -9 -8 2000
G1 -20 -18 2000
G1 -22 -19 2000
G1 -24 -21 2000
G1 -26 -23 2000
G1 -28 -25 2000
G1 72 -146 2000
G1 27 -99 2000
G1 4 -79 2000
G1 -9 -70 2000
G1 -19 -65 2000
G1 -27 -61 2000
G1 -34 -57 2000
G1 -41 -54 2000
G1 -46 -50 2000
G1 -51 -45 2000
G1 -55 -40 2000
G1 -58 -34 2000
G1 -61 -27 2000
G1 -63 -19 2000
G1 -66 -11 2000
G1 -70 0 2000
G1 -77 14 2000
G1 -94 39 2000
G1 -134 90 2000
G1 -28 -25 2000
G1 -26 -23 2000
G1 -24 -21 2000
G1 -22 -19 2000
G1 -20 -18 2000
G1 9 8 2000
G1 20 18 2000
G1 22 19 2000
G1 24 21 2000
G1 26 23 2000
G1 28 25 2000
G1 -22 87 2000
G1 -50 125 2000
G1 -9 84 2000
G1 6 72 2000
G1 17 65 2000
G1 25 61 2000
G1 32 57 2000
G1 39 53 2000
G1 44 49 2000
G1 49 44 2000
G1 53 38 2000
G1 57 32 2000
G1 60 25 2000
G1 63 18 2000
G1 67 8 2000
G1 72 -3 2000
G1 82 -20 2000
G1 117 -65 2000
G1 83 -33 2000
G1 28 25 2000
G1 26 23 2000
G1 24 21 2000
G1 22 19 2000
G1 20 18 2000
G1 -9 -8 2000
G1 -20 -18 2000
G1 -22 -20 2000
G1 -24 -21 2000
G1 -26 -23 2000
G1 -28 -25 2000
G1 -31 -27 2000
G1 67 -144 2000
G1 19 -94 2000
G1 -2 -75 2000
G1 -14 -67 2000
G1 -23 -61 2000
G1 -31 -56 2000
G1 -37 -52 2000
G1 -43 -47 2000
G1 -48 -42 2000
G1 -52 -37 2000
G1 -56 -31 2000
G1 -59 -24 2000
G1 -63 -16 2000
G1 -67 -6 2000
G1 -75 7 2000
G1 -91 31 2000
G1 -133 85 2000
G1 -31 -27 2000
G1 -28 -25 2000
G1 -26 -23 2000
G1 -24 -21 2000
G1 -22 -20 2000
G1 -20 -18 2000
G1 8 7 2000
G1 20 18 2000
G1 22 20 2000
G1 24 21 2000
G1 26 23 2000
G1 28 25 2000
G1 30 27 2000
G1 -8 76 2000
G1 -48 126 2000
G1 -5 82 2000
G1 11 69 2000
G1 21 62 2000
G1 29 56 2000
G1 36 51 2000
G1 41 46 2000
G1 46 41 2000
G1 51 36 2000
G1 55 29 2000
G1 59 22 2000
G1 63 13 2000
G1 69 2 2000
G1 80 -15 2000
G1 118 -63 2000
G1 74 -18 2000
G1 30 27 2000
G1 28 25 2000
G1 26 23 2000
G1 24 21 2000
G1 22 20 2000
G1 20 18 2000
G1 -8 -7 2000
G1 -20 -18 2000
G1 -22 -20 2000
G1 -24 -21 2000
G1 -26 -23 2000
G1 -28 -25 2000
G1 -30 -27 2000
G1 -32 -29 2000
G1 46 -123 2000
G1 18 -95 2000
G1 -5 -73 2000
G1 -18 -63 2000
G1 -26 -57 2000
G1 -34 -51 2000
G1 -40 -46 2000
G1 -45 -40 2000
G1 -50 -34 2000
G1 -54 -27 2000
G1 -59 -19 2000
G1 -64 -10 2000
G1 -73 4 2000
G1 -92 30 2000
G1 -115 61 2000
G1 -32 -29 2000
G1 -30 -27 2000
G1 -28 -25 2000
G1 -26 -23 2000
G1 -24 -21 2000
G1 -22 -20 2000
G1 -20 -18 2000
G1 8 7 2000
G1 20 18 2000
G1 22 20 2000
G1 24 21 2000
G1 26 23 2000
G1 28 25 2000
G1 30 26 2000
G1 32 28 2000
G1 34 30 2000
G1 -60 142 2000
G1 -4 82 2000
G1 13 66 2000
G1 24 58 2000
G1 32 51 2000
G1 38 45 2000
G1 44 39 2000
G1 49 33 2000
G1 54 25 2000
G1 60 16 2000
G1 67 5 2000
G1 81 -14 2000
G1 132 -77 2000
G1 34 30 2000
G1 32 28 2000
G1 30 26 2000
G1 28 25 2000
G1 26 23 2000
G1 24 21 2000
G1 22 20 2000
G1 20 18 2000
G1 -8 -7 2000
G1 -20 -18 2000
G1 -22 -20 2000
G1 -24 -21 2000
G1 -26 -23 2000
G1 -27 -24 2000
G1 -29 -26 2000
G1 -32 -28 2000
G1 -34 -30 2000
G1 -46 -20 2000
G1 -126 67 2000
G1 -73 4 2000
G1 -62 -12 2000
G1 -55 -22 2000
G1 -49 -31 2000
G1 -43 -38 2000
G1 -36 -45 2000
G1 -29 -52 2000
G1 -19 -60 2000
G1 -5 -74 2000
G1 51 -134 2000
G1 -25 -44 2000
G1 -34 -30 2000
G1 -32 -28 2000
G1 -29 -26 2000
G1 -27 -24 2000
G1 -26 -23 2000
G1 -24 -21 2000
G1 -22 -20 2000
G1 -20 -18 2000
G1 8 7 2000
G1 20 18 2000
G1 22 20 2000
G1 24 21 2000
G1 25 23 2000
G1 27 24 2000
G1 29 26 2000
G1 31 28 2000
G1 33 29 2000
G1 35 31 2000
G1 56 11 2000
G1 109 -46 2000
G1 68 3 2000
G1 57 18 2000
G1 49 28 2000
G1 42 37 2000
G1 34 45 2000
G1 25 54 2000
G1 11 68 2000
G1 -32 115 2000
G1 18 55 2000
G1 35 31 2000
G1 33 29 2000
G1 31 28 2000
G1 29 26 2000
G1 27 24 2000
G1 25 23 2000
G1 24 21 2000
G1 22 20 2000
G1 20 18 2000
G1 -7 -7 2000
G1 -20 -18 2000
G1 -22 -20 2000
G1 -24 -21 2000
G1 -25 -22 2000
G1 -27 -24 2000
G1 -29 -26 2000
G1 -31 -27 2000
G1 -33 -29 2000
G1 -34 -31 2000
G1 -36 -32 2000
G1 -38 -33 2000
G1 26 -108 2000
G1 -15 -64 2000
G1 -30 -48 2000
G1 -41 -36 2000
G1 -51 -24 2000
G1 -65 -7 2000
G1 -104 39 2000
G1 -38 -33 2000
G1 -36 -32 2000
G1 -34 -31 2000
G1 -33 -29 2000
G1 -31 -27 2000
G1 -29 -26 2000
G1 -27 -24 2000
G1 -25 -22 2000
G1 -24 -21 2000
G1 -22 -20 2000
G1 -20 -18 2000
G1 7 6 2000
G1 20 18 2000
G1 22 19 2000
G1 23 21 2000
G1 25 22 2000
G1 27 24 2000
G1 29 25 2000
G1 30 27 2000
G1 32 29 2000
G1 34 30 2000
G1 35 31 2000
G1 37 33 2000
G1 38 34 2000
G1 39 34 2000
G1 52 21 2000
G1 40 35 2000
G1 27 49 2000
G1 39 34 2000
G1 38 34 2000
G1 37 33 2000
G1 35 31 2000
G1 34 30 2000
G1 32 29 2000
G1 30 27 2000
G1 29 25 2000
G1 27 24 2000
G1 25 22 2000
G1 23 21 2000
G1 22 19 2000
G1 20 18 2000
