G1 44 -51 2988
G1 19 -21 2975
G1 14 -16 2963
G1 12 -13 2951
G1 7 -9 2942
G1 6 -7 2934
G1 7 -7 2926
G1 8 -10 2914
G1 9 -10 2901
G1 7 -8 2889
G1 8 -9 2877
G1 7 -8 2864
G1 6 -7 2852
G1 6 -7 2840
G1 6 -7 2829
G1 4 -2 2822
G1 5 -3 2815
G1 4 -3 2808
G1 4 -2 2801
G1 5 -3 2795
G1 4 -2 2788
G1 6 -4 2778
G1 6 -3 2768
G1 6 -3 2758
G1 6 -3 2748
G1 6 -3 2738
G1 6 -3 2728
G1 4 -2 2721
G1 3 -2 2714
G1 4 -2 2708
G1 4 -1 2702
G1 3 -1 2696
G1 5 -4 2685
G1 6 -4 2674
G1 3 -2 2666
G1 4 -2 2659
G1 3 -2 2651
G1 4 -3 2644
G1 4 -2 2636
G1 4 -4 2624
G1 5 -4 2612
G1 3 -3 2604
G1 3 -2 2596
G1 3 -3 2587
G1 1 0 2587
G1 5 1 2581
G1 4 0 2575
G1 3 0 2572
G1 2 0 2569
G1 4 -1 2562
G1 3 -1 2556
G1 4 -1 2550
G1 3 -2 2541
G1 3 -3 2533
G1 3 -2 2524
G1 2 -2 2520
G1 2 -2 2511
G1 3 -3 2503
G1 2 -3 2495
G1 3 -2 2487
G1 2 -3 2479
G1 3 -3 2470
G1 3 -3 2460
G1 3 -3 2449
G1 2 -4 2441
G1 1 -3 2433
G1 2 -3 2425
G1 1 -3 2418
G1 2 -3 2410
G1 1 -3 2402
G1 2 -3 2394
G1 1 -3 2387
G1 1 -4 2379
G1 1 -3 2371
G1 1 -3 2363
G1 2 -3 2356
G1 1 -3 2348
G1 1 -3 2340
G1 1 -5 2329
G1 2 -5 2317
G1 1 -4 2306
G1 2 -5 2295
G1 1 -3 2287
G1 1 -3 2279
G1 1 -3 2272
G1 1 -4 2263
G1 0 -5 2253
G1 0 -5 2243
G1 1 -3 2236
G1 0 -3 2229
G1 0 -4 2222
G1 0 -5 2212
G1 0 -4 2202
G1 0 -5 2192
G1 0 -5 2182
G1 0 -4 2175
G1 0 -3 2169
G1 0 -3 2162
G1 0 -5 2152
G1 -1 -5 2142
G1 0 -2 2138
G1 0 -5 2129
G1 -1 -5 2119
G1 0 -4 2113
G1 -1 -3 2107
G1 0 -3 2100
G1 -1 -5 2091
G1 -1 -5 2082
G1 0 -4 2075
G1 -1 -3 2069
G1 0 -4 2063
G1 -1 -4 2055
G1 -1 -5 2047
G1 -2 -3 2042
G1 -1 -4 2038
G1 -2 -3 2033
G1 -1 -4 2029
G1 -2 -3 2025
G1 -2 -3 2020
G1 -2 -6 2014
G1 -3 -5 2008
G1 -3 -5 2001
G1 -2 -5 1995
G1 -2 -4 1991
G1 -2 -3 1987
G1 -2 -4 1983
G1 -3 -5 1977
G1 -3 -5 1971
G1 -2 -4 1968
G1 -2 -3 1964
G1 -2 -4 1960
G1 -3 -5 1954
G1 -3 -5 1949
G1 -1 -2 1947
G1 -3 -5 1941
G1 -3 -5 1935
G1 -2 -4 1931
G1 -2 -3 1927
G1 -2 -4 1923
G1 -2 -4 1919
G1 -2 -3 1916
G1 -2 -4 1912
G1 -4 -5 1906
G1 -3 -5 1901
G1 -3 -6 1895
G1 -4 -5 1890
G1 -2 -4 1886
G1 -2 -3 1883
G1 -3 -4 1879
G1 -2 -3 1876
G1 -2 -4 1873
G1 -4 -5 1869
G1 -4 -6 1864
G1 -3 -3 1862
G1 -3 -4 1859
G1 -2 -3 1856
G1 -4 -6 1852
G1 -5 -5 1848
G1 -4 -5 1845
G1 -4 -6 1841
G1 -3 -3 1839
G1 -3 -4 1836
G1 -3 -3 1834
G1 -3 -4 1832
G1 -3 -3 1830
G1 -3 -4 1828
G1 -3 -4 1826
G1 -3 -3 1824
G1 -3 -4 1821
G1 -3 -3 1820
G1 -3 -4 1818
G1 -3 -3 1816
G1 -5 -6 1813
G1 -4 -5 1811
G1 -3 -3 1809
G1 -5 -5 1807
G1 -5 -5 1805
G1 -3 -4 1804
G1 -3 -3 1803
G1 -4 -3 1802
G1 -5 -6 1800
G1 -5 -5 1799
G1 -5 -5 1797
G1 -5 -5 1796
G1 -4 -3 1795
G1 -3 -4 1795
G1 -4 -3 1794
G1 -5 -5 1793
G1 -5 -5 1792
G1 -4 -4 1792
G1 -3 -3 1791
G1 -4 -3 1791
G1 -5 -5 1791
G1 -6 -5 1790
G1 -3 -4 1790
G1 -4 -3 1790
G1 -3 -3 1790
G1 -5 -4 1790
G1 -5 -4 1790
G1 -5 -5 1791
G1 -6 -5 1791
G1 -6 -4 1792
G1 -5 -5 1793
G1 -4 -3 1794
G1 -4 -3 1795
G1 -4 -3 1796
G1 -3 -3 1797
G1 -4 -3 1797
G1 -4 -3 1798
G1 -6 -4 1800
G1 -5 -5 1802
G1 -4 -3 1803
G1 -4 -3 1804
G1 -4 -2 1805
G1 -4 -3 1807
G1 -4 -3 1808
G1 -4 -3 1810
G1 -3 -3 1811
G1 -4 -2 1813
G1 -4 -3 1814
G1 -6 -4 1817
G1 -6 -4 1819
G1 -5 -4 1822
G1 -6 -4 1825
G1 -4 -3 1827
G1 -4 -2 1829
G1 -4 -3 1831
G1 -4 -3 1833
G1 -4 -2 1835
G1 -3 -3 1837
G1 -4 -2 1839
G1 -4 -3 1842
G1 -4 -2 1844
G1 -6 -4 1848
G1 -6 -3 1851
G1 -2 -1 1853
G1 -5 -4 1856
G1 -6 -3 1860
G1 -4 -3 1863
G1 -4 -2 1865
G1 -4 -2 1868
G1 -5 -4 1872
G1 -6 -3 1876
G1 -4 -2 1879
G1 -4 -2 1882
G1 -4 -2 1885
G1 -3 -2 1888
G1 -4 -2 1891
G1 -4 -2 1894
G1 -3 -2 1897
G1 -4 -2 1900
G1 -5 -4 1902
G1 -5 -4 1904
G1 -6 -3 1906
G1 -5 -4 1909
G1 -5 -4 1911
G1 -6 -3 1914
G1 -3 -2 1917
G1 -4 -1 1921
G1 -4 -2 1925
G1 -5 -3 1931
G1 -6 -2 1937
G1 -4 -1 1941
G1 -4 -2 1945
G1 -3 -1 1949
G1 -4 -2 1953
G1 -4 -1 1957
G1 -3 -2 1962
G1 -6 -2 1968
G1 -5 -2 1974
G1 -6 -2 1981
G1 -5 -2 1988
G1 -4 -1 1992
G1 -3 -1 1996
G1 -4 -2 1999
G1 -3 -1 2003
G1 -4 -2 2007
G1 -6 -2 2012
G1 -5 -2 2018
G1 -5 -2 2024
G1 -6 -3 2030
G1 -3 -1 2033
G1 -4 -1 2037
G1 -3 -2 2041
G1 -4 -1 2045
G1 -4 -1 2050
G1 -3 -2 2054
G1 -6 -1 2060
G1 -5 -2 2066
G1 -5 -2 2072
G1 -5 -2 2079
G1 -4 -1 2083
G1 -4 -1 2088
G1 -3 -1 2092
G1 -4 -1 2096
G1 -3 -1 2101
G1 -4 -1 2105
G1 -5 -2 2112
G1 -5 -1 2119
G1 -4 -1 2123
G1 -3 -1 2128
G1 -4 -1 2133
G1 -5 -1 2140
G1 -5 -1 2147
G1 -3 -1 2152
G1 -4 -1 2156
G1 -3 -1 2161
G1 -3 0 2165
G1 -3 -1 2169
G1 -3 0 2174
G1 -4 -1 2179
G1 -3 -1 2183
G1 -5 -1 2191
G1 -6 -1 2198
G1 -5 -1 2205
G1 -5 -1 2213
G1 -5 -1 2220
G1 -5 0 2228
G1 -3 -1 2233
G1 -4 0 2237
G1 -5 -1 2244
G1 -5 -1 2251
G1 -3 -1 2256
G1 -4 0 2261
G1 -3 -1 2266
G1 -5 -1 2273
G1 -5 -1 2280
G1 -5 0 2287
G1 -5 -1 2295
G1 -4 0 2300
G1 -3 -1 2305
G1 -3 0 2310
G1 -5 -1 2317
G1 -5 0 2325
G1 -4 0 2330
G1 -3 -1 2335
G1 -3 0 2340
G1 -5 0 2348
G1 -6 -1 2355
G1 -2 0 2360
G1 -4 0 2364
G1 -3 -1 2368
G1 -3 -1 2372
G1 -3 0 2376
G1 -4 -1 2380
G1 -3 -1 2385
G1 -5 -1 2391
G1 -5 0 2397
G1 -5 -1 2404
G1 -5 -1 2410
G1 -3 0 2415
G1 -3 -1 2419
G1 -4 0 2424
G1 -3 -1 2428
G1 -3 0 2432
G1 -3 0 2437
G1 -3 0 2442
G1 -4 0 2447
G1 -3 0 2452
G1 -3 0 2457
G1 -4 0 2463
G1 -5 0 2470
G1 -5 0 2478
G1 -3 0 2484
G1 -2 -2 2483
G1 -3 -2 2482
G1 -2 -3 2482
G1 -3 -3 2481
G1 -3 -4 2480
G1 -4 -3 2479
G1 -3 -3 2478
G1 -2 -3 2478
G1 2 -2 2470
G1 3 -3 2462
G1 2 -2 2453
G1 4 -4 2441
G1 4 -4 2429
G1 3 -3 2417
G1 4 -4 2404
G1 2 -3 2396
G1 3 -2 2388
G1 2 -2 2380
G1 2 -3 2372
G1 3 -2 2364
G1 3 -2 2356
G1 3 -1 2348
G1 2 -2 2341
G1 3 -1 2333
G1 3 -2 2325
G1 3 -1 2317
G1 3 -2 2310
G1 3 -1 2302
G1 3 -2 2294
G1 4 -2 2283
G1 4 -2 2271
G1 3 -1 2263
G1 3 -2 2256
G1 3 -1 2248
G1 4 -2 2238
G1 3 -1 2230
G1 3 0 2223
G1 3 -1 2216
G1 5 -1 2206
G1 5 -1 2195
G1 3 -1 2188
G1 3 -1 2181
G1 3 0 2174
G1 5 -1 2163
G1 5 -1 2153
G1 3 -1 2146
G1 3 0 2139
G1 3 -1 2132
G1 5 -1 2121
G1 5 0 2111
G1 3 -1 2104
G1 3 0 2097
G1 3 -1 2090
G1 4 0 2083
G1 3 0 2076
G1 3 -1 2070
G1 5 0 2059
G1 5 0 2049
G1 3 -1 2042
G1 4 1 2036
G1 3 0 2030
G1 4 0 2024
G1 3 1 2018
G1 4 0 2012
G1 3 1 2006
G1 5 0 1997
G1 6 1 1989
G1 3 1 1983
G1 4 0 1977
G1 3 1 1971
G1 6 1 1963
G1 5 1 1954
G1 4 1 1947
G1 5 0 1941
G1 4 2 1936
G1 3 1 1931
G1 4 1 1927
G1 6 2 1920
G1 5 2 1913
G1 4 2 1908
G1 4 1 1904
G1 4 1 1899
G1 5 2 1893
G1 6 3 1886
G1 6 3 1882
G1 5 3 1878
G1 4 2 1875
G1 4 3 1873
G1 4 2 1870
G1 3 2 1867
G1 4 2 1865
G1 4 3 1862
G1 6 3 1859
G1 6 4 1855
G1 3 2 1853
G1 4 3 1850
G1 4 2 1848
G1 6 4 1845
G1 6 3 1842
G1 3 3 1840
G1 4 3 1838
G1 4 2 1836
G1 5 3 1833
G1 5 3 1831
G1 3 4 1831
G1 4 3 1831
G1 3 3 1831
G1 5 5 1831
G1 6 4 1831
G1 0 1 1831
G1 5 5 1833
G1 5 5 1835
G1 3 4 1836
G1 4 3 1838
G1 3 4 1839
G1 5 5 1841
G1 4 5 1843
G1 3 3 1845
G1 3 4 1847
G1 4 3 1848
G1 3 4 1850
G1 3 3 1852
G1 3 4 1854
G1 3 4 1856
G1 2 3 1860
G1 2 4 1864
G1 2 4 1868
G1 3 4 1874
G1 2 5 1879
G1 1 5 1889
G1 2 5 1898
G1 1 5 1908
G1 1 5 1917
G1 0 4 1924
G1 1 3 1930
G1 0 3 1937
G1 1 4 1944
G1 1 3 1950
G1 0 4 1957
G1 1 5 1967
G1 0 5 1976
G1 1 4 1985
G1 1 5 1994
G1 -1 2 2002
G1 -1 3 2010
G1 -1 3 2017
G1 -1 3 2027
G1 -2 2 2035
G1 -2 2 2043
G1 -2 2 2052
G1 -2 3 2060
G1 -2 2 2068
G1 -2 2 2076
G1 -2 2 2084
G1 -2 2 2093
G1 -2 2 2101
G1 -3 3 2113
G1 -3 3 2126
G1 -2 3 2134
G1 -2 2 2142
G1 -2 2 2150
G1 -1 1 2156
G1 -4 2 2168
G1 -5 2 2180
G1 -4 2 2191
G1 -4 2 2203
G1 -3 2 2211
G1 -3 1 2218
G1 -2 1 2226
G1 -3 2 2234
G1 -3 1 2242
G1 -3 2 2249
G1 -4 2 2261
G1 -4 2 2273
G1 -4 2 2284
G1 -5 3 2296
G1 -4 1 2307
G1 -5 2 2318
G1 -3 1 2325
G1 -3 1 2332
G1 -3 1 2340
G1 -5 2 2351
G1 -4 2 2362
G1 -5 2 2373
G1 -5 2 2384
G1 -3 1 2391
G1 -3 2 2399
G1 -3 1 2406
G1 -5 2 2417
G1 -4 2 2428
G1 -3 1 2435
G1 3 -1 2427
G1 3 -2 2420
G1 3 -1 2412
G1 5 -2 2401
G1 5 -2 2390
G1 3 -1 2383
G1 3 -2 2375
G1 3 -1 2368
G1 5 -2 2357
G1 4 -2 2346
G1 3 -1 2339
G1 3 -1 2331
G1 4 -1 2324
G1 3 -1 2317
G1 3 -1 2309
G1 3 -2 2302
G1 2 0 2296
G1 3 -2 2288
G1 3 -2 2280
G1 3 -1 2272
G1 4 -2 2261
G1 4 -2 2249
G1 3 -2 2241
G1 3 -1 2233
G1 3 -2 2226
G1 4 -2 2214
G1 4 -2 2202
G1 3 -1 2195
G1 3 -1 2187
G1 3 -2 2179
G1 4 -2 2168
G1 4 -2 2156
G1 2 -2 2148
G1 2 -2 2140
G1 2 -2 2132
G1 2 -2 2123
G1 2 -2 2115
G1 2 -2 2107
G1 2 -3 2099
G1 2 -2 2091
G1 2 -2 2082
G1 2 -2 2074
G1 2 -2 2066
G1 2 -2 2058
G1 2 -2 2049
G1 2 -2 2041
G1 1 -2 2033
G1 2 -2 2027
G1 1 -3 2019
G1 1 -2 2011
G1 0 -3 2003
G1 2 -3 1994
G1 -1 -6 1984
G1 -1 -5 1974
G1 0 -3 1967
G1 -1 -3 1961
G1 0 -4 1954
G1 -1 -5 1944
G1 -1 -5 1934
G1 0 -3 1928
G1 -1 -4 1921
G1 -1 -3 1915
G1 0 -4 1909
G1 -1 -3 1902
G1 -1 -3 1896
G1 -1 -5 1887
G1 -1 -4 1879
G1 -2 -4 1875
G1 -2 -4 1870
G1 -2 -3 1866
G1 -2 -5 1861
G1 -3 -4 1856
G1 -4 -6 1853
G1 -5 -5 1850
G1 -3 -3 1849
G1 -3 -4 1847
G1 -3 -3 1845
G1 -5 -5 1843
G1 -5 -5 1841
G1 -4 -6 1839
G1 -5 -5 1837
G1 -3 -3 1835
G1 -4 -4 1834
G1 -3 -3 1833
G1 -4 -4 1831
G1 -3 -3 1831
G1 -4 -3 1831
G1 -3 -3 1831
G1 -5 -5 1831
G1 -6 -5 1831
G1 0 -1 1831
G1 -4 -2 1833
G1 -4 -3 1835
G1 -4 -2 1837
G1 -6 -4 1840
G1 -5 -4 1843
G1 -4 -2 1845
G1 -4 -3 1847
G1 -4 -2 1849
G1 -6 -4 1853
G1 -5 -4 1856
G1 -4 -2 1859
G1 -4 -2 1861
G1 -4 -3 1864
G1 -4 -2 1866
G1 -4 -2 1869
G1 -3 -2 1871
G1 -6 -4 1875
G1 -6 -3 1879
G1 -5 -3 1883
G1 -4 -2 1886
G1 -4 -2 1891
G1 -4 -1 1895
G1 -4 -2 1900
G1 -5 -2 1906
G1 -6 -2 1913
G1 -6 -2 1920
G1 -5 -2 1927
G1 -6 -2 1934
G1 -5 -2 1941
G1 -6 -1 1949
G1 -5 -1 1957
G1 -3 0 1963
G1 -4 -1 1969
G1 -4 -1 1974
G1 -5 0 1983
G1 -5 -1 1992
G1 -4 -1 1998
G1 -3 0 2003
G1 -4 -1 2009
G1 -5 0 2018
G1 -5 -1 2027
G1 -5 0 2034
G1 -4 -1 2042
G1 -3 1 2048
G1 -3 0 2055
G1 -4 0 2062
G1 -3 0 2069
G1 -3 1 2076
G1 -3 0 2083
G1 -5 1 2093
G1 -5 0 2103
G1 -3 1 2110
G1 -3 0 2117
G1 -3 1 2124
G1 -5 0 2135
G1 -5 1 2145
G1 -5 1 2156
G1 -4 1 2166
G1 -4 1 2173
G1 -3 0 2180
G1 -3 1 2187
G1 -5 1 2198
G1 -4 1 2208
G1 -3 1 2216
G1 -3 0 2223
G1 -4 1 2230
G1 -3 1 2238
G1 -4 2 2249
G1 -5 2 2261
G1 -2 2 2268
G1 -3 1 2276
G1 -3 1 2284
G1 -5 3 2295
G1 -4 2 2307
G1 -3 1 2315
G1 -3 2 2322
G1 -3 1 2330
G1 -4 3 2342
G1 -4 2 2353
G1 -4 2 2364
G1 -3 2 2372
G1 -2 3 2380
G1 -2 2 2388
G1 -3 3 2397
G1 -2 2 2405
G1 -3 2 2413
G1 -2 3 2421
G1 -3 2 2429
G1 -2 3 2438
G1 -3 2 2446
G1 -2 3 2454
G1 -3 3 2462
G1 -2 2 2470
G1 -2 2 2478
G1 3 4 2479
G1 3 3 2479
G1 3 3 2480
G1 2 2 2480
G1 2 2 2481
G1 2 2 2482
G1 2 3 2482
G1 3 2 2483
G1 2 2 2484
G1 3 0 2478
G1 3 0 2473
G1 4 0 2468
G1 3 0 2463
G1 3 0 2457
G1 4 0 2452
G1 3 0 2447
G1 4 0 2442
G1 3 0 2437
G1 3 0 2432
G1 5 1 2425
G1 5 0 2418
G1 4 1 2414
G1 3 0 2410
G1 3 1 2405
G1 5 0 2399
G1 5 1 2392
G1 3 1 2388
G1 4 0 2384
G1 3 1 2380
G1 3 1 2375
G1 3 0 2371
G1 4 1 2367
G1 3 1 2363
G1 3 0 2360
G1 3 0 2354
G1 3 1 2349
G1 4 0 2344
G1 5 0 2336
G1 5 1 2329
G1 3 0 2324
G1 4 0 2319
G1 3 1 2314
G1 5 0 2306
G1 5 1 2299
G1 3 0 2294
G1 4 1 2289
G1 3 0 2284
G1 3 1 2279
G1 4 0 2274
G1 3 1 2269
G1 5 0 2262
G1 5 1 2255
G1 4 1 2251
G1 3 1 2246
G1 4 0 2241
G1 2 1 2237
G1 4 0 2232
G1 3 1 2227
G1 3 0 2222
G1 6 1 2215
G1 5 1 2207
G1 5 1 2200
G1 5 1 2193
G1 3 0 2188
G1 4 1 2183
G1 3 1 2178
G1 4 1 2174
G1 3 0 2169
G1 3 1 2164
G1 4 1 2160
G1 3 0 2155
G1 4 1 2150
G1 3 1 2145
G1 4 1 2140
G1 5 1 2133
G1 5 1 2126
G1 5 2 2120
G1 6 1 2113
G1 3 1 2108
G1 4 1 2104
G1 3 1 2099
G1 5 2 2093
G1 6 1 2086
G1 3 1 2082
G1 4 2 2077
G1 3 1 2073
G1 6 2 2067
G1 5 1 2061
G1 5 2 2054
G1 6 2 2048
G1 3 1 2044
G1 4 2 2040
G1 3 1 2036
G1 6 2 2030
G1 5 2 2024
G1 5 3 2019
G1 6 2 2013
G1 4 1 2009
G1 3 2 2006
G1 4 1 2002
G1 3 2 1999
G1 3 1 1996
G1 5 2 1989
G1 6 2 1982
G1 5 2 1976
G1 6 2 1969
G1 3 1 1965
G1 4 1 1961
G1 4 2 1957
G1 5 2 1951
G1 6 2 1944
G1 6 3 1938
G1 5 2 1932
G1 4 1 1928
G1 4 2 1925
G1 3 2 1921
G1 4 1 1917
G1 3 2 1914
G1 6 4 1911
G1 5 3 1908
G1 4 3 1907
G1 4 2 1905
G1 3 3 1904
G1 5 3 1902
G1 5 4 1900
G1 4 2 1896
G1 4 2 1893
G1 4 2 1890
G1 5 3 1886
G1 6 3 1881
G1 6 4 1877
G1 6 3 1873
G1 3 2 1870
G1 4 2 1867
G1 4 3 1865
G1 4 2 1862
G1 4 2 1859
G1 4 2 1857
G1 3 3 1855
G1 3 2 1853
G1 4 2 1850
G1 4 2 1848
G1 4 3 1845
G1 4 2 1843
G1 4 3 1841
G1 4 2 1838
G1 5 4 1835
G1 6 4 1832
G1 4 2 1830
G1 4 3 1828
G1 4 2 1826
G1 4 3 1824
G1 3 3 1822
G1 4 2 1820
G1 6 4 1818
G1 6 4 1815
G1 4 3 1814
G1 4 3 1812
G1 3 3 1810
G1 4 2 1809
G1 4 3 1808
G1 4 3 1806
G1 6 4 1804
G1 5 5 1802
G1 4 3 1801
G1 4 2 1800
G1 4 3 1799
G1 4 3 1798
G1 4 3 1797
G1 3 3 1796
G1 4 3 1795
G1 4 3 1794
G1 4 3 1794
G1 5 5 1793
G1 6 5 1792
G1 6 4 1791
G1 5 5 1790
G1 2 2 1790
G1 6 5 1790
G1 5 4 1790
G1 4 4 1790
G1 4 3 1790
G1 3 3 1790
G1 6 5 1791
G1 5 5 1791
G1 3 4 1792
G1 4 3 1792
G1 4 3 1792
G1 5 5 1793
G1 5 5 1794
G1 4 4 1795
G1 3 3 1796
G1 4 4 1796
G1 5 5 1798
G1 5 5 1799
G1 3 3 1800
G1 4 4 1801
G1 3 3 1802
G1 5 5 1804
G1 5 6 1806
G1 4 4 1808
G1 4 4 1809
G1 3 4 1811
G1 3 3 1813
G1 4 4 1814
G1 4 5 1817
G1 5 6 1820
G1 3 3 1822
G1 3 4 1824
G1 3 3 1826
G1 5 6 1829
G1 4 5 1832
G1 3 3 1835
G1 3 4 1837
G1 3 4 1839
G1 4 5 1843
G1 4 5 1846
G1 3 4 1849
G1 3 3 1851
G1 3 4 1854
G1 2 4 1857
G1 3 3 1859
G1 3 4 1862
G1 4 5 1866
G1 4 5 1871
G1 2 3 1873
G1 2 4 1876
G1 2 3 1880
G1 3 4 1883
G1 3 5 1888
G1 4 6 1894
G1 2 3 1897
G1 2 4 1901
G1 3 3 1905
G1 3 6 1910
G1 3 5 1916
G1 2 4 1920
G1 2 3 1924
G1 2 4 1927
G1 3 5 1933
G1 3 6 1939
G1 2 3 1943
G1 2 3 1947
G1 2 4 1951
G1 2 3 1955
G1 2 4 1958
G1 3 5 1964
G1 3 5 1970
G1 2 4 1973
G1 2 3 1977
G1 2 4 1981
G1 3 5 1987
G1 3 5 1993
G1 3 5 1999
G1 2 6 2006
G1 2 3 2010
G1 2 3 2014
G1 1 4 2018
G1 2 3 2023
G1 2 4 2027
G1 1 3 2031
G1 2 4 2036
G1 2 3 2040
G1 1 4 2044
G1 1 1 2047
G1 1 5 2056
G1 1 5 2065
G1 1 5 2074
G1 1 6 2083
G1 0 3 2090
G1 1 3 2096
G1 0 4 2102
G1 1 5 2112
G1 0 5 2121
G1 1 4 2130
G1 0 5 2138
G1 0 3 2145
G1 1 3 2151
G1 0 4 2158
G1 0 5 2168
G1 0 5 2178
G1 0 4 2188
G1 0 5 2198
G1 0 4 2205
G1 0 3 2211
G1 0 3 2218
G1 0 4 2225
G1 0 3 2232
G1 0 3 2238
G1 -1 5 2248
G1 0 5 2259
G1 0 2 2263
G1 -1 3 2271
G1 -1 3 2278
G1 -1 3 2286
G1 -1 3 2293
G1 -1 4 2301
G1 -1 3 2309
G1 -1 4 2320
G1 -2 5 2332
G1 -1 3 2339
G1 -1 3 2347
G1 -1 3 2355
G1 -2 5 2366
G1 -2 5 2378
G1 -1 4 2387
G1 -2 4 2398
G1 -2 5 2410
G1 -2 5 2422
G1 -3 4 2434
G1 -1 3 2441
G1 -2 4 2449
G1 -2 2 2457
G1 -3 3 2465
G1 -2 2 2474
G1 -3 3 2482
G1 -2 3 2490
G1 -3 2 2498
G1 -3 4 2509
G1 -3 3 2520
G1 -5 4 2532
G1 -4 4 2544
G1 -2 1 2549
G1 -5 2 2558
G1 -5 1 2568
G1 -1 0 2569
G1 -4 0 2575
G1 -5 0 2581
G1 -3 -1 2584
G1 -2 0 2587
G1 -2 -3 2585
G1 -1 -2 2583
G1 -2 -3 2581
G1 -2 -4 2577
G1 -2 -4 2574
G1 -2 -3 2572
G1 -2 -3 2570
G1 -1 -2 2568
G1 -3 -4 2566
G1 -2 -4 2563
G1 -3 -4 2560
G1 -2 -4 2557
G1 -1 -1 2557
G1 -2 -5 2553
G1 -2 -4 2550
G1 -2 -2 2547
G1 -1 -3 2545
G1 -2 -3 2543
G1 -2 -4 2540
G1 -3 -4 2537
G1 -2 -4 2534
G1 -2 -4 2531
G1 -2 -4 2525
G1 -1 -5 2519
G1 -1 -3 2516
G1 -1 -3 2512
G1 -1 -4 2508
G1 -1 -3 2504
G1 -1 -3 2501
G1 -1 -3 2497
G1 -1 -5 2491
G1 -2 -4 2486
G1 -1 -5 2481
G1 -2 -4 2476
G1 -1 -3 2472
G1 0 -4 2467
G1 -1 -3 2463
G1 -1 -3 2459
G1 -1 -3 2454
G1 0 -3 2450
G1 -2 -5 2443
G1 -1 -5 2437
G1 -1 -5 2431
G1 -2 -5 2425
G1 -1 -3 2420
G1 -1 -4 2416
G1 0 -3 2409
G1 1 -3 2403
G1 0 -4 2396
G1 0 -5 2387
G1 0 -5 2377
G1 1 -5 2367
G1 0 -5 2358
G1 0 -3 2351
G1 0 -4 2345
G1 0 -3 2338
G1 0 -5 2330
G1 1 -5 2319
G1 1 -4 2308
G1 1 -4 2301
G1 1 -3 2293
G1 0 -3 2286
G1 1 -2 2282
G1 2 -1 2274
G1 3 -2 2266
G1 3 -2 2258
G1 4 -2 2246
G1 4 -2 2235
G1 4 -3 2224
G1 4 -1 2213
G1 5 -1 2202
G1 3 -1 2195
G1 3 -1 2188
G1 3 0 2181
G1 5 -1 2170
G1 5 -2 2159
G1 3 2 2156
G1 4 2 2153
G1 3 2 2151
G1 5 3 2148
G1 5 2 2145
G1 5 3 2142
G1 5 3 2139
G1 4 3 2136
G1 5 3 2133
G1 4 2 2131
G1 3 2 2130
G1 3 2 2128
G1 2 2 2127
G1 3 2 2127
G1 3 3 2127
G1 3 3 2127
G1 3 2 2127
G1 3 3 2127
G1 2 2 2128
G1 5 4 2128
G1 4 4 2129
G1 3 3 2129
G1 2 3 2129
G1 3 2 2130
G1 3 3 2130
G1 3 3 2131
G1 2 3 2132
G1 4 4 2133
G1 5 4 2134
G1 4 4 2135
G1 4 4 2136
G1 2 3 2137
G1 3 3 2138
G1 2 3 2139
G1 3 2 2140
G1 3 3 2141
G1 2 3 2142
G1 4 4 2144
G1 4 5 2146
G1 4 4 2149
G1 3 5 2152
G1 4 4 2155
G1 3 5 2158
G1 2 3 2160
G1 3 3 2162
G1 2 3 2164
G1 2 3 2166
G1 2 3 2168
G1 3 3 2171
G1 3 5 2174
G1 3 4 2178
G1 2 4 2180
G1 3 3 2183
G1 4 4 2184
G1 4 4 2184
G1 2 2 2185
G1 3 3 2186
G1 3 3 2186
G1 2 2 2187
G1 3 3 2187
G1 2 3 2188
G1 3 2 2189
G1 3 3 2190
G1 2 3 2191
G1 4 4 2192
G1 4 4 2193
G1 4 4 2195
G1 3 4 2197
G1 2 3 2198
G1 3 2 2198
G1 2 3 2200
G1 2 3 2201
G1 3 2 2203
G1 3 5 2205
G1 4 4 2208
G1 2 3 2210
G1 3 4 2212
G1 3 0 2206
G1 4 1 2201
G1 3 0 2196
G1 4 0 2191
G1 3 1 2186
G1 3 0 2180
G1 6 1 2173
G1 5 1 2165
G1 3 1 2160
G1 4 0 2155
G1 3 1 2150
G1 5 1 2143
G1 5 1 2135
G1 4 1 2130
G1 3 1 2125
G1 4 0 2120
G1 5 2 2113
G1 5 1 2106
G1 4 1 2101
G1 3 1 2097
G1 4 1 2092
G1 5 1 2085
G1 5 1 2078
G1 4 1 2073
G1 4 2 2069
G1 3 1 2064
G1 4 1 2060
G1 3 1 2055
G1 4 1 2051
G1 5 2 2044
G1 5 1 2038
G1 4 2 2034
G1 4 1 2029
G1 3 1 2025
G1 6 2 2019
G1 5 2 2013
G1 4 1 2009
G1 3 2 2005
G1 4 1 2001
G1 5 2 1995
G1 5 2 1989
G1 4 -2 1977
G1 3 -3 1965
G1 3 -2 1953
G1 4 -2 1941
G1 2 -2 1933
G1 2 -1 1924
G1 3 -2 1916
G1 3 -2 1904
G1 4 -3 1892
G1 2 -1 1884
G1 2 -2 1876
G1 2 -1 1868
G1 4 -2 1857
G1 1 -3 1845
G1 2 -4 1832
G1 2 -2 1824
G1 1 -3 1816
G1 1 -2 1808
G1 2 -2 1800
G1 1 -3 1792
G1 1 -2 1783
G1 2 -4 1771
G1 2 -3 1759
G1 2 -4 1747
G1 1 -3 1735
G1 1 -3 1726
G1 2 -3 1714
G1 1 -4 1702
G1 1 -3 1694
G1 0 -3 1686
G1 1 -2 1678
G1 1 -3 1670
G1 1 -3 1662
G1 0 -2 1654
G1 1 -4 1643
G1 1 -3 1632
G1 1 -5 1620
G1 1 -4 1608
G1 0 -4 1597
G1 1 -4 1585
G1 0 -3 1577
G1 1 -3 1569
G1 0 -3 1561
G1 1 -3 1551
G1 0 -4 1540
G1 0 -3 1532
G1 0 -3 1525
G1 0 -3 1517
G1 0 -5 1505
G1 0 -5 1494
G1 0 -4 1482
G1 -1 -5 1470
G1 0 -2 1465
G1 -1 -6 1454
G1 0 -5 1443
G1 -1 -3 1435
G1 -1 -4 1428
G1 0 -3 1420
G1 -1 -3 1414
G1 0 -3 1408
G1 -1 -3 1401
G1 0 -3 1393
G1 0 -4 1385
G1 -1 -3 1377
G1 0 -3 1370
G1 -1 -4 1362
G1 0 -3 1354
G1 -1 -3 1347
G1 0 -4 1339
G1 -1 -4 1330
G1 -1 -4 1321
G1 -1 -5 1309
G1 -1 -6 1298
G1 -1 -5 1286
G1 -1 -6 1275
G1 -1 -3 1267
G1 -1 -4 1260
G1 -1 -4 1252
G1 -2 -4 1245
G1 -2 -5 1238
G1 -2 -6 1227
G1 -3 -7 1217
G1 -2 -3 1211
G1 -1 -4 1205
G1 -3 -6 1194
G1 -2 -6 1183
G1 -2 -7 1172
G1 -3 -6 1161
G1 -2 -5 1153
G1 -2 -4 1146
G1 -2 -4 1139
G1 -1 -3 1134
G1 -4 -7 1123
G1 -3 -8 1113
G1 -3 -5 1106
G1 -2 -5 1098
G1 -3 -5 1091
G1 -3 -5 1084
G1 -3 -5 1077
G1 -3 -5 1070
G1 -4 -7 1061
G1 -4 -8 1052
G1 -3 -5 1045
G1 -3 -5 1038
G1 -2 -5 1030
G1 -4 -6 1021
G1 -3 -7 1013
G1 -4 -6 1006
G1 -4 -5 999
G1 -4 -6 992
G1 -4 -8 984
G1 -5 -7 975
G1 -5 -6 969
G1 -4 -7 962
G1 -5 -6 955
G1 -7 -11 945
G1 -8 -10 935
G1 -5 -7 929
G1 -6 -8 922
G1 -6 -7 916
G1 0 -1 915
G1 -6 -8 908
G1 -6 -7 902
G1 -5 -8 895
G1 -10 -12 885
G1 -10 -12 876
G1 -10 -12 867
G1 -8 -10 861
G1 -8 -9 855
G1 -8 -9 849
G1 -11 -13 842
G1 -11 -12 835
G1 -10 -11 830
G1 -10 -11 825
G1 -10 -10 819
G1 -14 -15 813
G1 -13 -14 807
G1 -13 -12 803
G1 -12 -13 798
G1 -12 -13 794
G1 -17 -16 789
G1 -16 -16 784
G1 -6 -8 777
G1 -6 -8 769
G1 -5 -8 762
G1 -6 -7 756
G1 -6 -8 749
G1 -11 -12 742
G1 -10 -11 736
G1 -10 -11 729
G1 -12 -14 722
G1 -12 -13 716
G1 -13 -13 710
G1 -3 -4 708
G1 0 -5 696
G1 -1 -5 684
G1 -1 -5 671
G1 -2 -6 659
G1 -1 -4 652
G1 20 16 645
G1 20 15 638
G1 19 15 632
G1 27 21 625
G1 26 21 619
G1 26 21 613
G1 7 6 611
G1 40 34 607
G1 40 34 603
G1 40 33 599
G1 15 14 598
G1 48 43 598
G1 48 42 599
G1 48 43 599
G1 60 54 602
G1 59 54 605
G1 38 35 608
G1 37 34 612
G1 37 35 616
G1 38 35 621
G1 20 21 628
G1 21 21 635
G1 21 20 641
G1 22 23 651
G1 21 24 661
G1 14 14 668
G1 13 15 675
G1 14 14 682
G1 10 12 689
G1 11 12 697
G1 10 12 704
G1 3 5 712
G1 3 6 721
G1 2 5 729
G1 3 7 741
G1 3 7 753
G1 1 4 761
G1 1 4 769
G1 1 4 777
G1 1 3 785
G1 1 4 792
G1 0 2 800
G1 -1 3 809
G1 -1 2 817
G1 -1 4 829
G1 -1 3 841
G1 0 3 850
G1 -1 2 858
G1 -1 2 866
G1 -1 2 873
G1 0 2 879
G1 -1 4 891
G1 0 5 904
G1 0 4 916
G1 -1 4 928
G1 0 2 936
G1 0 3 945
G1 -1 3 953
G1 0 2 959
G1 -1 2 966
G1 -1 2 974
G1 -1 2 982
G1 -1 1 990
G1 -2 2 999
G1 -1 2 1007
G1 -1 2 1015
G1 -2 2 1023
G1 -1 2 1032
G1 -1 2 1040
G1 -1 1 1046
G1 -1 2 1053
G1 -3 2 1065
G1 -3 2 1077
G1 -1 2 1086
G1 -2 1 1094
G1 -2 2 1102
G1 -3 2 1114
G1 -3 2 1127
G1 -1 1 1134
G1 -2 2 1142
G1 -2 2 1154
G1 -3 3 1166
G1 -2 2 1179
G1 -3 3 1191
G1 -2 2 1203
G1 -2 3 1216
G1 -2 1 1222
G1 -1 1 1229
G1 -3 2 1241
G1 -3 3 1254
G1 -1 1 1262
G1 -2 1 1270
G1 -2 2 1278
G1 -2 1 1286
G1 -2 2 1295
G1 -2 1 1303
G1 -1 2 1310
G1 -2 1 1316
G1 -2 1 1324
G1 -2 1 1333
G1 -2 2 1341
G1 -3 2 1353
G1 -3 2 1365
G1 -2 1 1374
G1 -2 2 1382
G1 -2 1 1390
G1 -2 1 1398
G1 -2 2 1406
G1 -2 1 1414
G1 -2 1 1422
G1 -3 1 1430
G1 -2 1 1438
G1 -2 2 1446
G1 -2 1 1454
G1 -4 2 1467
G1 -3 1 1479
G1 -2 2 1486
G1 -2 1 1493
G1 -2 1 1502
G1 -2 1 1510
G1 -2 2 1518
G1 -3 2 1530
G1 -4 2 1543
G1 -3 2 1555
G1 -3 2 1567
G1 -2 1 1574
G1 -2 2 1581
G1 -2 2 1594
G1 -3 3 1606
G1 -2 1 1614
G1 -2 2 1623
G1 -2 2 1631
G1 -2 1 1639
G1 -1 2 1647
G1 -2 2 1655
G1 -1 1 1660
G1 -4 2 1672
G1 -3 2 1684
G1 -2 1 1693
G1 -3 1 1701
G1 -2 2 1709
G1 -3 2 1721
G1 -3 2 1733
G1 -3 2 1744
G1 -3 2 1754
G1 -2 1 1762
G1 -3 1 1770
G1 -2 1 1778
G1 -3 2 1786
G1 -2 1 1794
G1 -3 1 1802
G1 -3 2 1815
G1 -4 2 1827
G1 -2 1 1834
G1 -3 1 1841
G1 -3 0 1849
G1 -3 0 1856
G1 -5 1 1867
G1 -5 1 1878
G1 -3 0 1885
G1 -3 1 1893
G1 -3 0 1900
G1 -5 -1 1909
G1 -6 -1 1918
G1 -5 -1 1926
G1 -5 -1 1935
G1 -1 0 1936
G1 -6 -2 1942
G1 -5 -3 1947
G1 -4 -1 1951
G1 -4 -2 1954
G1 -3 -2 1958
G1 -1 0 1959
G1 -3 -3 1957
G1 -3 -3 1956
G1 -3 -4 1955
G1 -4 -4 1953
G1 -5 -5 1951
G1 -2 -3 1951
G1 -3 -2 1950
G1 -1 -4 1944
G1 -1 -3 1938
G1 -1 -4 1932
G1 -1 -4 1924
G1 -1 -5 1917
G1 -2 -5 1907
G1 -1 -5 1898
G1 -1 -6 1888
G1 -1 -5 1879
G1 -1 -3 1872
G1 -1 -4 1866
G1 -1 -3 1860
G1 -1 -4 1854
G1 -1 -4 1848
G1 -1 -3 1841
G1 -1 -4 1835
G1 -1 -3 1829
G1 -1 -4 1823
G1 -2 -3 1817
G1 -1 -6 1808
G1 -1 -5 1798
G1 -1 -4 1790
G1 -2 -5 1783
G1 -1 -3 1776
G1 -1 -4 1770
G1 -1 -4 1764
G1 -2 -4 1757
G1 -1 -4 1749
G1 -2 -6 1740
G1 -2 -6 1731
G1 -2 -4 1723
G1 -1 -5 1716
G1 -2 -5 1706
G1 -1 -5 1696
G1 -1 -6 1686
G1 -2 -5 1677
G1 -1 -3 1670
G1 -1 -4 1663
G1 -1 -4 1657
G1 -1 -5 1647
G1 -2 -6 1637
G1 -1 -3 1630
G1 -1 -4 1624
G1 -2 -4 1617
G1 0 -2 1612
G1 -2 -6 1603
G1 -2 -6 1593
G1 -3 -6 1583
G1 -2 -5 1574
G1 -2 -6 1564
G1 -3 -6 1555
G1 0 -2 1552
G1 -2 -4 1545
G1 -1 -4 1539
G1 -2 -4 1532
G1 -2 -6 1523
G1 -2 -6 1513
G1 -3 -6 1503
G1 -3 -6 1494
G1 -1 -2 1490
G1 0 -4 1483
G1 -1 -3 1475
G1 -1 -4 1468
G1 -1 -5 1457
G1 -2 -6 1446
G1 -1 -6 1435
G1 -2 -5 1425
G1 -1 -4 1416
G1 -1 -5 1408
G1 -1 -3 1401
G1 0 -3 1393
G1 0 -4 1385
G1 -1 -3 1377
G1 0 -3 1370
G1 -1 -4 1362
G1 0 -3 1354
G1 -1 -3 1347
G1 0 -4 1339
G1 -1 -4 1330
G1 -1 -4 1321
G1 -1 -5 1309
G1 -1 -6 1298
G1 -1 -5 1286
G1 -1 -6 1275
G1 -1 -3 1267
G1 -1 -4 1260
G1 -1 -4 1252
G1 -2 -4 1245
G1 -2 -5 1238
G1 -2 -6 1227
G1 -3 -7 1217
G1 -2 -3 1211
G1 -1 -4 1205
G1 -3 -6 1194
G1 -2 -6 1183
G1 -2 -7 1172
G1 -3 -6 1161
G1 -2 -5 1153
G1 -2 -4 1146
G1 -2 -4 1139
G1 -1 -3 1134
G1 -4 -7 1123
G1 -3 -8 1113
G1 -3 -5 1106
G1 -2 -5 1098
G1 -3 -5 1091
G1 -3 -5 1084
G1 -3 -5 1077
G1 -3 -5 1070
G1 -4 -7 1061
G1 -4 -8 1052
G1 -3 -5 1045
G1 -3 -5 1038
G1 -2 -5 1030
G1 -4 -6 1021
G1 -3 -7 1013
G1 -4 -6 1006
G1 -4 -5 999
G1 -4 -6 992
G1 -4 -8 984
G1 -5 -7 975
G1 -5 -6 969
G1 -4 -7 962
G1 -5 -6 955
G1 -7 -11 945
G1 -8 -10 935
G1 -5 -7 929
G1 -6 -8 922
G1 -6 -7 916
G1 0 -1 915
G1 -6 -8 908
G1 -6 -7 902
G1 -5 -8 895
G1 -10 -12 885
G1 -10 -12 876
G1 -10 -12 867
G1 -8 -10 861
G1 -8 -9 855
G1 -8 -9 849
G1 -11 -13 842
G1 -11 -12 835
G1 -10 -11 830
G1 -10 -11 825
G1 -10 -10 819
G1 -14 -15 813
G1 -13 -14 807
G1 -13 -12 803
G1 -12 -13 798
G1 -12 -13 794
G1 -17 -16 789
G1 -16 -16 784
G1 -6 -8 777
G1 -6 -8 769
G1 -5 -8 762
G1 -6 -7 756
G1 -6 -8 749
G1 18 14 745
G1 17 15 742
G1 18 15 738
G1 20 16 735
G1 19 16 732
G1 19 16 729
G1 31 26 726
G1 30 25 723
G1 20 19 724
G1 21 19 725
G1 20 18 727
G1 19 18 729
G1 20 18 731
G1 19 18 733
G1 18 17 736
G1 18 17 739
G1 18 17 742
G1 12 13 745
G1 18 16 748
G1 17 16 751
G1 17 17 754
G1 16 15 757
G1 16 15 761
G1 16 16 764
G1 15 15 768
G1 15 15 772
G1 16 15 775
G1 16 15 777
G1 16 15 780
G1 13 12 782
G1 13 13 785
G1 15 14 787
G1 15 15 790
G1 15 14 792
G1 18 17 796
G1 18 17 799
G1 15 14 800
G1 16 14 801
G1 15 14 801
G1 20 18 803
G1 16 14 801
G1 16 13 799
G1 15 13 798
G1 16 14 797
G1 16 14 795
G1 16 14 794
G1 16 14 794
G1 16 14 794
G1 16 14 793
G1 23 20 794
G1 23 21 794
G1 16 14 793
G1 16 14 792
G1 16 14 791
G1 17 14 791
G1 16 15 791
G1 16 14 791
G1 17 15 791
G1 16 15 792
G1 17 14 791
G1 16 14 790
G1 16 14 789
G1 24 21 788
G1 16 13 786
G1 16 14 783
G1 16 14 781
G1 17 14 779
G1 17 14 777
G1 17 15 776
G1 17 15 775
G1 18 15 774
G1 17 15 773
G1 16 14 772
G1 16 14 772
G1 18 15 771
G1 17 16 769
G1 18 15 768
G1 18 15 767
G1 17 16 767
G1 18 15 766
G1 14 12 766
G1 4 7 774
G1 4 6 782
G1 4 6 790
G1 4 9 801
G1 5 8 813
G1 0 1 815
G1 13 13 818
G1 12 12 822
G1 13 13 826
G1 11 11 830
G1 12 12 834
G1 11 12 838
G1 11 11 843
G1 17 17 848
G1 18 18 853
G1 13 14 858
G1 14 13 862
G1 12 12 864
G1 12 11 866
G1 13 12 868
G1 11 11 870
G1 12 11 873
G1 12 12 875
G1 3 3 876
G1 10 10 880
G1 10 11 884
G1 10 10 888
G1 8 9 892
G1 8 8 896
G1 10 10 899
G1 11 11 902
G1 10 10 905
G1 10 10 909
G1 9 10 913
G1 10 10 916
G1 3 3 918
G1 -1 2 926
G1 -1 2 934
G1 -1 2 942
G1 -1 2 948
G1 -10 -8 952
G1 -10 -7 956
G1 -9 -7 961
G1 -13 -9 966
G1 -12 -8 972
G1 -14 -10 979
G1 -14 -10 985
G1 -9 -7 990
G1 -10 -7 996
G1 -10 -7 998
G1 -9 -8 1001
G1 -10 -7 1003
G1 -13 -11 1008
G1 -14 -10 1012
G1 -10 -8 1016
G1 -11 -8 1019
G1 -8 -7 1022
G1 -9 -6 1026
G1 -9 -7 1029
G1 -13 -10 1034
G1 -13 -9 1039
G1 -8 -6 1043
G1 -9 -6 1047
G1 -8 -6 1051
G1 -3 -2 1052
G1 -12 -8 1058
G1 -12 -9 1065
G1 -12 -8 1071
G1 -11 -7 1078
G1 -8 -5 1083
G1 -7 -5 1088
G1 -8 -6 1092
G1 -8 -5 1096
G1 -7 -5 1100
G1 -8 -5 1104
G1 -7 -5 1108
G1 -7 -5 1113
G1 -8 -5 1117
G1 -7 -5 1121
G1 -8 -5 1126
G1 -7 -5 1130
G1 -7 -5 1134
G1 -7 -5 1138
G1 -7 -4 1143
G1 -7 -5 1147
G1 -7 -4 1151
G1 -7 -4 1156
G1 -6 -4 1161
G1 -7 -4 1166
G1 -6 -4 1171
G1 -7 -4 1176
G1 -6 -4 1181
G1 -10 -5 1189
G1 -9 -5 1197
G1 -6 -4 1203
G1 -6 -3 1208
G1 -6 -3 1214
G1 -6 -3 1219
G1 -6 -3 1225
G1 -6 -4 1230
G1 -5 -2 1236
G1 -6 -3 1242
G1 -6 -3 1248
G1 -1 -1 1249
G1 -6 -2 1255
G1 -5 -3 1261
G1 -5 -3 1267
G1 -8 -3 1275
G1 -8 -4 1284
G1 -8 -4 1293
G1 -8 -3 1303
G1 -5 -2 1309
G1 -5 -2 1315
G1 -5 -2 1322
G1 -7 -3 1331
G1 -7 -3 1341
G1 -5 -1 1347
G1 -5 -2 1353
G1 -4 -2 1360
G1 -2 0 1362
G1 -6 -2 1371
G1 -7 -3 1381
G1 -7 -2 1391
G1 -7 -2 1401
G1 -6 -2 1411
G1 -7 -2 1421
G1 -4 -1 1428
G1 -4 -1 1434
G1 -4 -1 1441
G1 -6 -1 1452
G1 -6 -2 1462
G1 -4 0 1469
G1 -4 -1 1476
G1 -4 -1 1483
G1 -1 0 1483
G1 -5 -1 1493
G1 -6 -1 1504
G1 -6 -1 1514
G1 -6 -1 1524
G1 -3 -1 1531
G1 -4 0 1539
G1 -4 -1 1546
G1 -1 0 1547
G1 -5 -1 1558
G1 -6 0 1569
G1 -3 0 1576
G1 -4 -1 1583
G1 -3 0 1590
G1 -6 0 1601
G1 -5 0 1612
G1 -3 0 1620
G1 -3 0 1628
G1 -3 1 1635
G1 -5 0 1647
G1 -4 1 1658
G1 -5 1 1670
G1 -4 0 1681
G1 -4 1 1690
G1 -3 1 1698
G1 -2 1 1706
G1 -3 1 1714
G1 -4 1 1726
G1 -4 2 1738
G1 -2 1 1746
G1 -3 1 1754
G1 -3 1 1762
G1 -2 1 1770
G1 -3 1 1779
G1 -4 2 1791
G1 -4 1 1803
G1 -2 2 1811
G1 -3 1 1819
G1 -2 1 1827
G1 -2 1 1835
G1 -3 2 1843
G1 -2 1 1851
G1 -1 0 1855
G1 -2 2 1863
G1 -2 2 1871
G1 -2 2 1879
G1 -2 2 1888
G1 -2 2 1896
G1 -2 2 1904
G1 -2 1 1912
G1 -2 2 1920
G1 -2 2 1929
G1 -1 1 1934
G1 -1 5 1946
G1 -1 4 1958
G1 -1 3 1965
G1 -1 3 1973
G1 -1 2 1981
G1 -1 3 1989
G1 4 2 1986
G1 4 2 1983
G1 3 2 1981
G1 6 3 1977
G1 5 3 1973
G1 3 2 1971
G1 5 2 1966
G1 6 3 1960
G1 5 2 1955
G1 6 3 1949
G1 5 2 1944
G1 5 1 1935
G1 6 0 1925
G1 5 0 1916
G1 5 1 1906
G1 5 0 1897
G1 6 1 1887
G1 2 0 1883
G1 5 1 1874
G1 6 1 1864
G1 3 0 1858
G1 4 1 1852
G1 3 0 1846
G1 6 1 1837
G1 5 1 1827
G1 3 0 1824
G1 5 1 1815
G1 6 2 1806
G1 3 0 1800
G1 4 1 1794
G1 4 1 1788
G1 6 1 1779
G1 5 2 1770
G1 4 1 1764
G1 4 1 1759
G1 4 1 1753
G1 6 1 1744
G1 6 2 1736
G1 4 1 1730
G1 4 2 1725
G1 4 1 1719
G1 5 1 1712
G1 3 1 1706
G1 4 1 1699
G1 4 1 1693
G1 6 1 1684
G1 6 1 1675
G1 4 1 1668
G1 4 1 1662
G1 3 1 1656
G1 6 2 1648
G1 4 2 1643
G1 4 1 1638
G1 5 2 1632
G1 6 3 1625
G1 7 2 1617
G1 4 2 1612
G1 4 2 1608
G1 5 2 1603
G1 5 2 1597
G1 6 3 1589
G1 6 2 1581
G1 5 2 1575
G1 4 1 1570
G1 5 2 1564
G1 6 3 1556
G1 7 2 1548
G1 5 3 1542
G1 6 2 1535
G1 5 2 1531
G1 4 3 1526
G1 5 2 1521
G1 7 4 1514
G1 7 3 1507
G1 8 4 1501
G1 7 4 1494
G1 1 1 1493
G1 8 4 1486
G1 7 3 1479
G1 5 3 1474
G1 5 3 1470
G1 5 2 1465
G1 5 3 1461
G1 5 3 1457
G1 5 2 1452
G1 5 3 1448
G1 5 3 1444
G1 5 3 1440
G1 5 3 1436
G1 6 3 1432
G1 5 3 1428
G1 5 3 1424
G1 5 4 1420
G1 8 5 1415
G1 8 4 1409
G1 6 4 1406
G1 5 3 1402
G1 5 4 1398
G1 9 5 1393
G1 8 5 1388
G1 5 4 1385
G1 6 4 1382
G1 5 3 1379
G1 9 6 1375
G1 8 6 1370
G1 5 4 1368
G1 5 3 1365
G1 6 4 1363
G1 6 4 1360
G1 5 4 1357
G1 6 4 1355
G1 6 5 1353
G1 6 4 1350
G1 8 6 1347
G1 9 7 1344
G1 9 6 1341
G1 8 7 1338
G1 6 5 1337
G1 6 4 1335
G1 6 5 1333
G1 5 4 1332
G1 5 4 1331
G1 6 5 1329
G1 6 4 1328
G1 6 5 1327
G1 6 5 1325
G1 6 5 1324
G1 6 5 1323
G1 5 4 1322
G1 6 5 1322
G1 6 5 1321
G1 9 8 1320
G1 9 7 1319
G1 8 8 1318
G1 9 7 1318
G1 6 5 1317
G1 6 5 1317
G1 -3 2 1330
G1 -4 2 1342
G1 -2 1 1350
G1 -2 1 1358
G1 -2 2 1366
G1 -3 1 1377
G1 -3 2 1387
G1 -5 0 1398
G1 -5 0 1410
G1 -3 0 1418
G1 -4 0 1425
G1 -3 0 1433
G1 -5 0 1445
G1 -5 0 1456
G1 -2 0 1461
G1 -2 1 1469
G1 -3 0 1477
G1 -3 1 1485
G1 -5 1 1497
G1 -4 1 1508
G1 -3 0 1516
G1 -2 2 1525
G1 -2 1 1533
G1 -2 1 1541
G1 -2 2 1550
G1 -3 1 1559
G1 -1 3 1567
G1 -1 2 1575
G1 -1 2 1583
G1 -1 4 1595
G1 -2 4 1607
G1 -1 3 1620
G1 -2 4 1632
G1 -1 2 1639
G1 -4 1 1651
G1 -4 1 1662
G1 -3 1 1670
G1 -3 0 1678
G1 -2 1 1686
G1 -2 1 1690
G1 -3 0 1698
G1 -3 0 1705
G1 -4 0 1713
G1 -2 1 1719
G1 -3 0 1726
G1 -5 -1 1736
G1 -6 0 1746
G1 -4 0 1755
G1 -4 -1 1763
G1 -6 0 1773
G1 -5 -1 1782
G1 -3 -1 1788
G1 -4 0 1794
G1 -4 -1 1799
G1 -4 -2 1805
G1 -4 -1 1810
G1 -3 -1 1815
G1 -4 -1 1820
G1 -4 -1 1826
G1 -5 -2 1832
G1 -4 -1 1839
G1 -4 0 1845
G1 -3 -1 1852
G1 -4 0 1858
G1 -5 0 1868
G1 -5 -1 1878
G1 -4 0 1885
G1 -3 0 1891
G1 -3 0 1898
G1 -2 0 1902
G1 -4 0 1908
G1 -3 -1 1915
G1 -4 0 1921
G1 -3 0 1927
G1 -4 0 1934
G1 -3 -1 1940
G1 -5 0 1950
G1 -5 0 1960
G1 -4 0 1967
G1 -3 0 1973
G1 -3 0 1980
G1 -3 0 1985
G1 -3 0 1991
G1 -3 3 2003
G1 -4 2 2016
G1 -2 2 2024
G1 -2 2 2032
G1 -2 2 2040
G1 -3 2 2051
G1 -3 3 2063
G1 0 4 2073
G1 0 5 2083
G1 1 5 2093
G1 0 5 2103
G1 0 1 2103
G1 4 4 2104
G1 4 4 2105
G1 4 4 2106
G1 4 4 2107
G1 3 3 2108
G1 3 3 2109
G1 3 3 2109
G1 2 2 2110
G1 3 3 2111
G1 3 3 2112
G1 2 3 2113
G1 3 3 2115
G1 3 3 2116
G1 2 3 2117
G1 3 2 2117
G1 3 3 2116
G1 3 2 2116
G1 5 4 2116
G1 4 4 2115
G1 4 4 2115
G1 4 3 2115
G1 5 3 2113
G1 5 4 2112
G1 3 2 2110
G1 3 2 2109
G1 3 3 2108
G1 4 2 2107
G1 4 3 2106
G1 3 2 2103
G1 4 2 2101
G1 3 2 2099
G1 5 3 2095
G1 5 3 2092
G1 3 1 2090
G1 5 3 2087
G1 5 3 2084
G1 4 2 2081
G1 3 2 2079
G1 3 2 2077
G1 5 4 2074
G1 5 3 2072
G1 4 2 2070
G1 3 2 2068
G1 3 2 2066
G1 1 0 2066
G1 3 2 2064
G1 3 2 2061
G1 4 2 2059
G1 5 3 2055
G1 5 3 2052
G1 3 2 2050
G1 3 1 2048
G1 4 2 2044
G1 3 1 2039
G1 4 1 2035
G1 4 1 2030
G1 3 1 2026
G1 4 2 2022
G1 2 0 2020
G1 5 0 2010
G1 5 0 2000
G1 5 1 1991
G1 5 0 1981
G1 1 0 1980
G1 3 -1 1972
G1 3 0 1965
G1 3 -1 1957
G1 3 -1 1949
G1 3 -1 1940
G1 1 -2 1932
G1 1 -3 1925
G1 0 -3 1917
G1 1 -4 1908
G1 1 -3 1898
G1 -1 -3 1892
G1 0 -4 1885
G1 -1 -3 1878
G1 0 -4 1872
G1 -1 -3 1865
G1 -1 -3 1858
G1 0 -1 1857
G1 -2 -4 1853
G1 -2 -3 1848
G1 -1 -4 1844
G1 -4 -6 1837
G1 -3 -5 1830
G1 -1 -2 1828
G1 -3 -6 1822
G1 -4 -5 1817
G1 -2 -4 1813
G1 -3 -4 1809
G1 -2 -4 1806
G1 -4 -4 1802
G1 -3 -5 1797
G1 -5 -5 1795
G1 -4 -6 1792
G1 -5 -5 1789
G1 -5 -5 1787
G1 -3 -4 1785
G1 -3 -4 1784
G1 -4 -3 1782
G1 -3 -3 1781
G1 -4 -3 1781
G1 -3 -4 1782
G1 -4 -3 1783
G1 -4 -3 1784
G1 -4 -3 1785
G1 -4 -3 1786
G1 -6 -4 1788
G1 -5 -5 1789
G1 -4 -2 1790
G1 -4 -3 1792
G1 -4 -3 1793
G1 -4 -3 1794
G1 -6 -4 1797
G1 -6 -4 1800
G1 -4 -3 1801
G1 -3 -3 1803
G1 -4 -2 1805
G1 -6 -4 1808
G1 -6 -4 1811
G1 -6 -4 1815
G1 -6 -4 1818
G1 -4 -2 1820
G1 -4 -3 1823
G1 -4 -2 1825
G1 -5 -4 1829
G1 -6 -4 1832
G1 -6 -3 1836
G1 -6 -4 1840
G1 -4 -2 1843
G1 -4 -2 1846
G1 -4 -3 1848
G1 -4 -2 1851
G1 -4 -2 1855
G1 -6 -4 1859
G1 -6 -3 1864
G1 -6 -3 1869
G1 -5 -3 1874
G1 -4 -2 1877
G1 -4 -2 1881
G1 -4 -1 1884
G1 -4 -2 1888
G1 -4 -2 1891
G1 -3 -2 1895
G1 -4 -2 1899
G1 -4 -2 1902
G1 -4 -1 1906
G1 -4 -2 1910
G1 -3 -2 1913
G1 -6 -2 1920
G1 -6 -2 1926
G1 -3 -2 1930
G1 -4 -1 1934
G1 -4 -2 1938
G1 -4 -1 1943
G1 -3 -2 1947
G1 -4 -1 1951
G1 -1 0 1952
G1 -6 -2 1959
G1 -5 -2 1967
G1 -6 -1 1974
G1 -5 -2 1981
G1 -4 -1 1986
G1 -3 -1 1991
G1 -4 -1 1996
G1 -4 -1 2001
G1 -4 -1 2007
G1 -4 -1 2012
G1 -3 -1 2017
G1 -4 -1 2022
G1 -4 -1 2027
G1 -3 -1 2032
G1 -4 -1 2037
G1 -3 0 2043
G1 -4 -1 2048
G1 -3 -1 2053
G1 -4 -1 2059
G1 -4 0 2065
G1 -4 -1 2071
G1 -3 0 2076
G1 -4 -1 2082
G1 -3 0 2088
G1 -4 -1 2094
G1 -3 0 2099
G1 -5 0 2108
G1 -5 -1 2117
G1 -6 0 2126
G1 -5 0 2134
G1 -5 -1 2143
G1 -5 0 2152
G1 -5 0 2162
G1 -6 0 2172
G1 -5 0 2181
G1 -5 0 2190
G1 -3 0 2196
G1 -3 0 2202
G1 -4 0 2208
G1 -4 0 2216
G1 -4 1 2223
G1 -3 1 2231
G1 -2 1 2239
G1 -3 1 2246
G1 -3 2 2254
G1 -3 1 2261
G1 -3 1 2269
G1 -4 2 2278
G1 -3 1 2288
G1 -5 2 2299
G1 -4 2 2311
G1 -3 2 2318
G1 -3 1 2326
G1 -3 2 2334
G1 -4 1 2343
G1 -3 2 2352
G1 -4 4 2364
G1 -3 3 2377
G1 -4 4 2389
G1 -3 4 2401
G1 -3 3 2411
G1 -3 3 2420
G1 -1 5 2431
G1 -1 5 2442
G1 -1 3 2449
G1 -1 3 2457
G1 -1 4 2464
G1 -1 3 2471
G1 -1 4 2479
G1 -1 3 2486
G1 -1 4 2494
G1 -2 3 2501
G1 -1 3 2509
G1 -1 4 2516
G1 -1 3 2523
G1 -2 4 2531
G1 -1 3 2538
G1 -1 4 2546
G1 -1 3 2553
G1 -2 4 2561
G1 -2 5 2572
G1 -2 6 2583
G1 -1 3 2590
G1 -2 4 2598
G1 -1 6 2608
G1 -1 5 2617
G1 -1 6 2627
G1 -1 5 2637
G1 -1 4 2643
G1 -1 4 2650
G1 -1 4 2656
G1 -1 4 2663
G1 -1 3 2669
G1 -1 4 2676
G1 -2 6 2686
G1 -2 6 2696
G1 -1 4 2702
G1 -1 3 2708
G1 -5 6 2720
G1 -4 5 2732
G1 -5 6 2745
G1 -5 6 2757
G1 -4 4 2765
G1 -3 4 2774
G1 -4 4 2782
G1 -5 6 2794
G1 -6 6 2806
G1 -6 7 2819
G1 -6 7 2831
G1 -6 7 2843
G1 -6 7 2856
G1 -7 8 2868
G1 -7 8 2880
G1 -7 8 2893
G1 -8 9 2905
G1 -6 7 2913
G1 -6 6 2922
G1 -6 7 2930
G1 -9 11 2942
G1 -11 13 2955
G1 -13 14 2967
G1 -15 17 2979
G1 -17 20 2990
G1 -40 46 3000