G1 6 5 1000
G1 -72 95 1000
G1 -50 71 1000
G1 -32 52 1000
G1 -25 44 1000
G1 -20 39 1000
G1 -16 37 1000
G1 -13 35 1000
G1 -11 33 1000
G1 -9 33 1000
G1 -7 32 1000
G1 -5 32 1000
G1 -3 32 1000
G1 -1 32 1000
G1 1 32 1000
G1 3 33 1000
G1 6 34 1000
G1 34 9 1000
G1 33 7 1000
G1 33 5 1000
G1 32 3 1000
G1 31 1 1000
G1 31 -1 1000
G1 30 -3 1000
G1 5 20 1000
G1 6 20 1000
G1 3 4 1000
G1 8 5 1000
G1 15 4 1000
G1 10 2 1000
G1 14 1 1000
G1 22 -1 1000
G1 22 -2 1000
G1 10 -3 1000
G1 38 -24 1000
G1 11 -9 1000
G1 7 -8 1000
G1 11 -12 1000
G1 5 -9 1000
G1 1 -5 1000
G1 -4 -20 1000
G1 -3 -20 1000
G1 -35 16 1000
G1 -34 13 1000
G1 -33 11 1000
G1 -33 8 1000
G1 -33 6 1000
G1 -33 4 1000
G1 -33 2 1000
G1 -33 0 1000
G1 -34 -3 1000
G1 -35 -5 1000
G1 -36 -7 1000
G1 -37 -10 1000
G1 9 35 1000
G1 11 36 1000
G1 15 37 1000
G1 18 39 1000
G1 22 40 1000
G1 26 42 1000
G1 35 6 1000
G1 33 3 1000
G1 31 0 1000
G1 30 -2 1000
G1 29 -4 1000
G1 28 -5 1000
G1 27 -7 1000
G1 -20 -33 1000
G1 -4 -4 1000
G1 -9 -5 1000
G1 -15 -4 1000
G1 -10 -3 1000
G1 -14 -2 1000
G1 -23 -2 1000
G1 -23 -3 1000
G1 -23 -2 1000
G1 -21 1 1000
G1 -20 3 1000
G1 -21 2 1000
G1 -12 2 1000
G1 -7 3 1000
G1 -11 4 1000
G1 -4 6 1000
G1 0 5 1000
G1 25 41 1000
G1 29 42 1000
G1 33 44 1000
G1 37 46 1000
G1 -3 -6 1000
G1 0 -9 1000
G1 6 -8 1000
G1 4 -6 1000
G1 9 -6 1000
G1 17 -6 1000
G1 16 -7 1000
G1 18 -5 1000
G1 21 -1 1000
G1 22 0 1000
G1 21 -1 1000
G1 14 1 1000
G1 10 2 1000
G1 15 2 1000
G1 10 4 1000
G1 5 3 1000
G1 27 32 1000
G1 -27 -32 1000
G1 -5 -3 1000
G1 -10 -4 1000
G1 -15 -2 1000
G1 -10 -2 1000
G1 -14 -1 1000
G1 -21 1 1000
G1 -22 0 1000
G1 -21 1 1000
G1 -18 5 1000
G1 -16 7 1000
G1 -17 6 1000
G1 -9 6 1000
G1 -4 6 1000
G1 -6 8 1000
G1 0 9 1000
G1 3 6 1000
G1 35 41 1000
G1 38 41 1000
G1 41 42 1000
G1 24 -10 1000
G1 23 -11 1000
G1 22 -13 1000
G1 22 -14 1000
G1 21 -15 1000
G1 21 -16 1000
G1 21 -17 1000
G1 21 -18 1000
G1 22 -19 1000
G1 22 -20 1000
G1 23 -21 1000
G1 23 -22 1000
G1 -23 22 1000
G1 -22 20 1000
G1 -21 19 1000
G1 -21 18 1000
G1 -21 17 1000
G1 -42 32 1000
G1 -21 15 1000
G1 -21 14 1000
G1 24 6 1000
G1 24 5 1000
G1 23 4 1000
G1 22 3 1000
G1 22 2 1000
G1 21 1 1000
G1 -21 -1 1000
G1 -22 -2 1000
G1 -22 -3 1000
G1 -23 -4 1000
G1 -24 -5 1000
G1 -24 -6 1000
G1 2 22 1000
G1 4 22 1000
G1 5 23 1000
G1 7 24 1000
G1 9 25 1000
G1 11 26 1000
G1 53 45 1000
G1 53 43 1000
G1 53 39 1000
G1 -7 -7 1000
G1 -10 -13 1000
G1 -9 -18 1000
G1 -5 -12 1000
G1 -4 -15 1000
G1 -3 -22 1000
G1 1 -19 1000
G1 5 -17 1000
G1 34 25 1000
G1 34 24 1000
G1 34 22 1000
G1 -1 -21 1000
G1 1 -20 1000
G1 -2 -22 1000
G1 -2 -14 1000
G1 -5 -25 1000
G1 -5 -9 1000
G1 -6 -6 1000
G1 -9 -6 1000
G1 -5 -1 1000
G1 -9 0 1000
G1 -11 5 1000
G1 -8 3 1000
G1 -9 6 1000
G1 -13 11 1000
G1 -11 13 1000
G1 -7 16 1000
G1 -6 16 1000
G1 -1 19 1000
G1 3 22 1000
G1 4 15 1000
G1 5 12 1000
G1 9 18 1000
G1 10 13 1000
G1 20 16 1000
G1 51 35 1000
G1 49 31 1000
G1 47 27 1000
G1 -8 -33 1000
G1 -5 -32 1000
G1 -3 -30 1000
G1 0 -29 1000
G1 2 -28 1000
G1 3 -28 1000
G1 5 -27 1000
G1 -4 19 1000
G1 5 -24 1000
G1 6 -24 1000
G1 -6 24 1000
G1 -5 24 1000
G1 10 -1 1000
G1 14 1 1000
G1 10 -1 1000
G1 9 2 1000
G1 8 6 1000
G1 8 10 1000
G1 8 16 1000
G1 -8 -16 1000
G1 -8 -10 1000
G1 -8 -6 1000
G1 -9 -2 1000
G1 -10 1 1000
G1 -14 -1 1000
G1 -10 1 1000
G1 -4 29 1000
G1 -2 30 1000
G1 0 30 1000
G1 2 32 1000
G1 5 33 1000
G1 8 35 1000
G1 48 25 1000
G1 45 21 1000
G1 43 17 1000
G1 41 13 1000
G1 39 10 1000
G1 37 7 1000
G1 36 4 1000
G1 35 2 1000
G1 33 -1 1000
G1 33 -3 1000
G1 32 -5 1000
G1 32 -7 1000
G1 31 -9 1000
G1 31 -11 1000
G1 32 -14 1000
G1 32 -16 1000
G1 33 -19 1000
G1 35 -22 1000
G1 38 -26 1000
G1 42 -33 1000
G1 51 -44 1000
G1 82 -80 1000
G1 51 -45 1000
G1 6 5 1000
G1 -17 -16 1000
G1 -34 -30 1000
G1 -32 -28 1000
G1 -15 -14 1000
G1 -30 -26 1000
G1 -28 -24 1000
G1 -13 -12 1000
G1 -13 -11 1000
G1 -24 -22 1000
G1 -12 -10 1000
G1 -22 -20 1000
G1 -40 -36 1000
G1 -22 -20 1000
G1 -12 -10 1000
G1 -24 -22 1000
G1 -13 -11 1000
G1 -13 -12 1000
G1 -28 -24 1000
G1 -14 -13 1000
G1 -15 -13 1000
G1 -15 -14 1000
G1 -32 -28 1000
G1 -34 -30 1000
G1 -17 -16 1000
G1 -36 -32 1000
G1 -19 -16 1000
G1 -76 -68 1000
G1 -20 -17 1000
G1 -80 -72 1000
G1 -20 -17 1000
G1 -76 -68 1000
G1 -19 -16 1000
G1 -36 -32 1000
G1 -17 -16 1000
G1 -34 -30 1000
G1 -32 -28 1000
G1 -15 -14 1000
G1 -15 -13 1000
G1 -14 -13 1000
G1 -28 -24 1000
G1 -13 -12 1000
G1 -13 -11 1000
G1 -24 -22 1000
G1 -12 -10 1000
G1 -22 -20 1000
G1 -40 -36 1000
G1 -11 -9 1000
G1 -22 -20 1000
G1 -12 -10 1000
G1 -12 -11 1000
G1 -13 -11 1000
G1 -26 -24 1000
G1 -14 -12 1000
G1 -14 -13 1000
G1 -15 -13 1000
G1 -15 -14 1000
G1 -32 -28 1000
G1 -16 -15 1000
G1 -34 -30 1000
G1 -54 -48 1000
G1 -95 -85 1000
G1 -80 -68 1000
G1 -76 -68 1000
G1 71 -89 1000
G1 59 -75 1000
G1 38 -52 1000
G1 30 -44 1000
G1 25 -39 1000
G1 21 -36 1000
G1 19 -34 1000
G1 17 -32 1000
G1 15 -31 1000
G1 13 -30 1000
G1 11 -30 1000
G1 9 -30 1000
G1 8 -30 1000
G1 6 -30 1000
G1 4 -31 1000
G1 2 -32 1000
G1 -1 -33 1000
G1 -4 -34 1000
G1 -7 -36 1000
G1 -11 -39 1000
G1 -16 -42 1000
G1 -22 -46 1000
G1 -29 -50 1000
G1 -38 -56 1000
G1 -48 -63 1000
G1 -60 -71 1000
G1 -72 -78 1000
G1 -22 -25 1000
G1 -23 -24 1000
G1 -24 -23 1000
G1 -38 -39 1000
G1 -31 -32 1000
G1 -18 -32 1000
G1 -18 -41 1000
G1 -26 -39 1000
G1 -26 -38 1000
G1 -75 -92 1000
G1 -185 -187 1000
G1 185 187 1000
G1 75 92 1000
G1 26 38 1000
G1 26 39 1000
G1 18 41 1000
G1 18 32 1000
G1 31 32 1000
G1 38 39 1000
G1 24 23 1000
G1 23 24 1000
G1 35 20 1000
G1 25 15 1000
G1 41 21 1000
G1 60 34 1000
G1 57 35 1000
G1 71 48 1000
G1 62 42 1000
G1 78 58 1000
G1 193 150 1000
G1 159 131 1000
G1 132 113 1000
G1 204 174 1000
G1 262 237 1000
G1 127 128 1000
G1 70 84 1000
G1 28 46 1000
G1 2 22 1000
G1 -5 17 1000
G1 -13 6 1000
G1 -17 -1 1000
G1 -18 -9 1000
G1 -30 -23 1000
G1 -23 -19 1000
G1 -24 -21 1000
G1 -25 -25 1000
G1 -15 -18 1000
G1 -16 -25 1000
G1 -18 -32 1000
G1 -17 -27 1000
G1 -28 -43 1000
G1 -23 -33 1000
G1 -49 -64 1000
G1 -121 -133 1000
G1 -186 -185 1000
G1 -384 -347 1000
G1 -340 -291 1000
G1 -181 -141 1000
G1 -73 -48 1000
G1 -51 -27 1000
G1 -39 -16 1000
G1 -31 -8 1000
G1 -26 -4 1000
G1 -22 -1 1000
G1 -28 -15 1000
G1 -28 -24 1000
G1 -23 -26 1000
G1 -32 -31 1000
G1 -96 -78 1000
G1 -89 -68 1000
G1 -81 -56 1000
G1 -72 -45 1000
G1 -64 -35 1000
G1 -56 -27 1000
G1 -50 -20 1000
G1 -45 -14 1000
G1 -41 -9 1000
G1 -38 -5 1000
G1 -35 -2 1000
G1 -33 1 1000
G1 -31 4 1000
G1 -30 6 1000
G1 -29 8 1000
G1 -28 10 1000
G1 -28 12 1000
G1 -28 13 1000
G1 -28 15 1000
G1 -28 17 1000
G1 -28 18 1000
G1 -29 20 1000
G1 -30 23 1000
G1 -32 26 1000
G1 -35 30 1000
G1 -39 35 1000
G1 -46 44 1000
G1 -67 68 1000
G1 -77 81 1000
G1 54 48 1000
G1 17 16 1000
G1 34 30 1000
G1 16 15 1000
G1 32 28 1000
G1 30 26 1000
G1 14 13 1000
G1 14 12 1000
G1 26 24 1000
G1 13 11 1000
G1 24 22 1000
G1 12 10 1000
G1 22 20 1000
G1 50 45 1000
G1 22 20 1000
G1 12 10 1000
G1 24 22 1000
G1 13 11 1000
G1 13 12 1000
G1 28 24 1000
G1 14 13 1000
G1 15 13 1000
G1 15 14 1000
G1 32 28 1000
G1 34 30 1000
G1 17 16 1000
G1 36 32 1000
G1 19 16 1000
G1 76 68 1000
G1 20 17 1000
G1 80 72 1000
G1 20 17 1000
G1 76 68 1000
G1 19 16 1000
G1 36 32 1000
G1 17 16 1000
G1 34 30 1000
G1 32 28 1000
G1 15 14 1000
G1 15 13 1000
G1 14 13 1000
G1 28 24 1000
G1 13 12 1000
G1 13 11 1000
G1 24 22 1000
G1 12 10 1000
G1 22 20 1000
G1 20 18 1000
G1 10 8 1000
G1 20 18 1000
G1 11 9 1000
G1 22 20 1000
G1 12 10 1000
G1 12 11 1000
G1 -9 -8 1000
G1 -20 -18 1000
G1 -22 -20 1000
G1 -24 -22 1000
G1 -13 -12 1000
G1 -14 -12 1000
G1 47 -82 1000
G1 37 -72 1000
G1 18 -52 1000
G1 10 -45 1000
G1 5 -41 1000
G1 2 -38 1000
G1 -2 -36 1000
G1 -4 -35 1000
G1 -7 -33 1000
G1 -9 -32 1000
G1 -11 -32 1000
G1 -13 -31 1000
G1 31 -17 1000
G1 30 -15 1000
G1 30 -13 1000
G1 30 -11 1000
G1 30 -9 1000
G1 30 -7 1000
G1 31 -5 1000
G1 32 -3 1000
G1 33 0 1000
G1 35 2 1000
G1 36 5 1000
G1 38 8 1000
G1 -35 -7 1000
G1 -34 -5 1000
G1 -32 -2 1000
G1 -31 0 1000
G1 -30 2 1000
G1 -29 4 1000
G1 7 -20 1000
G1 26 -18 1000
G1 14 -8 1000
G1 13 -8 1000
G1 42 -21 1000
G1 14 -6 1000
G1 15 -5 1000
G1 -15 5 1000
G1 -14 6 1000
G1 -42 21 1000
G1 -13 8 1000
G1 -14 8 1000
G1 -39 27 1000
G1 -24 -3 1000
G1 -23 -2 1000
G1 -23 -1 1000
G1 -23 0 1000
G1 -22 1 1000
G1 -22 2 1000
G1 -22 3 1000
G1 -22 4 1000
G1 -22 5 1000
G1 -22 6 1000
G1 -17 -27 1000
G1 -19 -26 1000
G1 -20 -25 1000
G1 -21 -25 1000
G1 23 -20 1000
G1 22 -19 1000
G1 21 -18 1000
G1 21 -17 1000
G1 21 -16 1000
G1 21 -15 1000
G1 21 -14 1000
G1 30 34 1000
G1 2 5 1000
G1 1 9 1000
G1 -5 11 1000
G1 -3 7 1000
G1 -7 9 1000
G1 -26 26 1000
G1 -15 12 1000
G1 -18 8 1000
G1 -19 7 1000
G1 -19 8 1000
G1 -13 4 1000
G1 -9 2 1000
G1 -14 3 1000
G1 -9 -1 1000
G1 -4 -2 1000
G1 -21 -25 1000
G1 -22 -24 1000
G1 -23 -23 1000
G1 -24 -22 1000
G1 22 -25 1000
G1 21 -24 1000
G1 20 -23 1000
G1 19 -22 1000
G1 18 -22 1000
G1 18 -21 1000
G1 17 -21 1000
G1 17 -20 1000
G1 16 -20 1000
G1 26 23 1000
G1 25 24 1000
G1 -34 -31 1000
G1 -35 -31 1000
G1 -35 -30 1000
G1 27 22 1000
G1 26 23 1000
G1 39 -48 1000
G1 -30 38 1000
G1 -32 38 1000
G1 -16 20 1000
G1 -34 40 1000
G1 -18 21 1000
G1 -18 22 1000
G1 -19 22 1000
G1 -20 23 1000
G1 -21 24 1000
G1 -25 -21 1000
G1 -26 -20 1000
G1 -27 -19 1000
G1 16 -25 1000
G1 15 -25 1000
G1 14 -24 1000
G1 13 -24 1000
G1 12 -24 1000
G1 11 -23 1000
G1 10 -23 1000
G1 -10 23 1000
G1 -11 23 1000
G1 -12 24 1000
G1 -13 24 1000
G1 -14 24 1000
G1 -15 25 1000
G1 -16 25 1000
G1 -27 -17 1000
G1 -28 -16 1000
G1 -28 -15 1000
G1 5 0 1000
G1 8 -3 1000
G1 19 -14 1000
G1 9 -9 1000
G1 13 -16 1000
G1 11 -17 1000
G1 9 -18 1000
G1 -26 -15 1000
G1 -26 -13 1000
G1 -26 -12 1000
G1 8 -18 1000
G1 7 -18 1000
G1 9 -17 1000
G1 6 -9 1000
G1 14 -14 1000
G1 8 -2 1000
G1 7 2 1000
G1 9 5 1000
G1 4 5 1000
G1 6 9 1000
G1 4 15 1000
G1 3 10 1000
G1 1 14 1000
G1 0 21 1000
G1 -3 20 1000
G1 -7 18 1000
G1 -8 18 1000
G1 -11 17 1000
G1 -13 16 1000
G1 -9 9 1000
G1 -19 14 1000
G1 -8 3 1000
G1 -12 -3 1000
G1 -26 -11 1000
G1 -26 -10 1000
G1 -26 -9 1000
G1 -32 -9 1000
G1 -32 -7 1000
G1 -33 -5 1000
G1 -33 -2 1000
G1 -34 0 1000
G1 -35 3 1000
G1 -37 6 1000
G1 -39 10 1000
G1 -42 15 1000
G1 -48 23 1000
G1 -62 41 1000
G1 -84 67 1000
G1 -13 -12 1000
G1 -13 -11 1000
G1 -12 -11 1000
G1 -12 -10 1000
G1 -22 -20 1000
G1 -20 -18 1000
G1 -9 -8 1000
