18.0 16.0
-9.0 -8.0
-10.0 -9.0
-18.0 -16.0
-20.0 -18.0
-11.0 -9.0
-11.0 -10.0
18.0 16.0
22.0 20.0
20.0 18.0
-22.0 -20.0
44.0 40.0
20.0 18.0
-22.0 -20.0
10.0 9.0
9.0 8.0
33.0 30.0
12.0 10.0
-18.0 -16.0
12.0 11.0
13.0 11.0
18.0 16.0
13.0 11.0
13.0 12.0
28.0 24.0
-16.0 -14.0
-15.0 -13.0
-14.0 -13.0
-9.0 -8.0
-10.0 -9.0
14.0 13.0
15.0 13.0
-10.0 -9.0
92.0 -126.0
-62.0 40.0
-70.0 50.0
-14.0 -13.0
-14.0 -12.0
11.0 10.0
11.0 9.0
-13.0 -12.0
-13.0 -11.0
-22.0 -20.0
-12.0 -10.0
-12.0 -11.0
-13.0 -11.0
-13.0 -12.0
104.0 -92.0
55.0 -35.0
-28.0 59.0
-78.0 115.0
100.0 -85.0
54.0 -32.0
44.0 -20.0
40.0 -13.0
15.0 -42.0
11.0 -39.0
-36.0 8.0
-37.0 11.0
10.0 -40.0
7.0 -38.0
35.0 -8.0
34.0 -5.0
3.0 -34.0
0.0 -34.0
-33.0 4.0
-33.0 7.0
-34.0 9.0
-35.0 12.0
-3.0 37.0
-7.0 39.0
-41.0 20.0
-47.0 29.0
14.0 -47.0
8.0 -41.0
-44.0 27.0
-54.0 39.0
-114.0 109.0
-10.0 -9.0
15.0 13.0
14.0 13.0
10.0 9.0
11.0 10.0
14.0 13.0
14.0 12.0
13.0 12.0
13.0 11.0
-22.0 -20.0
-13.0 -11.0
-13.0 -12.0
-20.0 -18.0
13.0 11.0
12.0 11.0
-18.0 -16.0
-12.0 -11.0
-26.0 -22.0
-13.0 -12.0
8.0 7.0
9.0 8.0
-14.0 -12.0
-15.0 -13.0
-16.0 -14.0
-14.0 -13.0
-15.0 -13.0
-15.0 -14.0
-16.0 -14.0
14.0 12.0
40.0 35.0
57.0 -47.0
78.0 -70.0
51.0 -38.0
3.0 -38.0
-1.0 -35.0
-42.0 30.0
-50.0 40.0
4.0 -40.0
-1.0 -36.0
42.0 -33.0
38.0 -26.0
-8.0 -30.0
-10.0 -29.0
-35.0 25.0
-38.0 30.0
-44.0 38.0
-57.0 53.0
-6.0 43.0
-27.0 67.0
-33.0 25.0
-6.0 -5.0
-51.0 -45.0
-18.0 -16.0
67.0 -68.0
68.0 -69.0
-8.0 -29.0
-11.0 -27.0
-54.0 56.0
-98.0 106.0
-18.0 -16.0
-9.0 -27.0
5.0 -44.0
-10.0 -26.0
78.0 -88.0
45.0 -50.0
18.0 20.0
16.0 22.0
39.0 -41.0
34.0 -34.0
-18.0 -22.0
-20.0 -21.0
28.0 -31.0
26.0 -28.0
21.0 22.0
20.0 23.0
19.0 24.0
18.0 25.0
-30.0 26.0
-32.0 29.0
14.0 25.0
13.0 26.0
35.0 -29.0
32.0 -25.0
30.0 -22.0
29.0 -20.0
28.0 -18.0
28.0 -16.0
-19.0 -29.0
-21.0 -29.0
-26.0 17.0
-26.0 19.0
-20.0 -26.0
-21.0 -25.0
-22.0 -25.0
-23.0 -24.0
22.0 -23.0
21.0 -22.0
26.0 26.0
25.0 27.0
23.0 -18.0
23.0 -17.0
-27.0 -29.0
-29.0 -28.0
20.0 -19.0
19.0 -18.0
32.0 32.0
31.0 32.0
29.0 33.0
27.0 33.0
-26.0 12.0
-25.0 13.0
23.0 31.0
21.0 31.0
28.0 -11.0
28.0 -9.0
21.0 33.0
19.0 33.0
17.0 33.0
15.0 33.0
-31.0 5.0
-31.0 7.0
-13.0 -32.0
-15.0 -32.0
-29.0 11.0
-29.0 12.0
-30.0 14.0
-30.0 16.0
12.0 29.0
10.0 30.0
32.0 -16.0
31.0 -14.0
10.0 31.0
8.0 32.0
-33.0 13.0
-34.0 16.0
4.0 33.0
2.0 34.0
36.0 -17.0
35.0 -14.0
34.0 -11.0
33.0 -9.0
-5.0 -33.0
-7.0 -32.0
32.0 -7.0
32.0 -4.0
8.0 33.0
6.0 33.0
33.0 -2.0
33.0 0.0
-6.0 -33.0
-8.0 -33.0
33.0 2.0
34.0 4.0
8.0 34.0
6.0 33.0
34.0 7.0
35.0 9.0
36.0 11.0
37.0 14.0
-3.0 -32.0
-5.0 -33.0
-39.0 -14.0
-37.0 -12.0
-10.0 -35.0
-13.0 -36.0
39.0 11.0
41.0 15.0
-15.0 -38.0
-19.0 -40.0
-42.0 -14.0
-39.0 -10.0
-37.0 -7.0
-35.0 -4.0
19.0 37.0
16.0 36.0
-34.0 -3.0
-33.0 -1.0
-15.0 -35.0
-18.0 -35.0
-20.0 -36.0
-23.0 -36.0
31.0 -3.0
32.0 -1.0
-28.0 -40.0
-31.0 -41.0
-29.0 5.0
-28.0 7.0
-30.0 -37.0
-33.0 -37.0
-35.0 -36.0
-36.0 -36.0
19.0 -16.0
19.0 -15.0
42.0 41.0
40.0 41.0
26.0 -8.0
27.0 -6.0
-46.0 -48.0
-49.0 -48.0
20.0 -13.0
21.0 -11.0
60.0 58.0
55.0 58.0
50.0 56.0
44.0 53.0
-39.0 -7.0
-35.0 -3.0
35.0 45.0
31.0 44.0
39.0 8.0
42.0 12.0
45.0 16.0
50.0 22.0
55.0 28.0
60.0 35.0
-31.0 -51.0
-41.0 -59.0
-64.0 -34.0
-55.0 -25.0
-50.0 -61.0
-59.0 -66.0
-68.0 -71.0
-76.0 -74.0
28.0 -4.0
33.0 0.0
102.0 99.0
86.0 90.0
73.0 40.0
94.0 62.0
-104.0 -112.0
-148.0 -145.0
99.0 61.0
210.0 163.0
167.0 173.0
63.0 84.0
27.0 53.0
11.0 39.0
-110.0 -89.0
-99.0 -75.0
30.0 53.0
20.0 45.0
78.0 59.0
81.0 66.0
-5.0 25.0
-8.0 23.0
-9.0 22.0
-10.0 22.0
-53.0 -43.0
-53.0 -40.0
1.0 -29.0
-2.0 -32.0
-61.0 -43.0
-58.0 -38.0
-55.0 -33.0
-51.0 -27.0
16.0 40.0
12.0 37.0
47.0 25.0
49.0 29.0
4.0 33.0
1.0 31.0
-44.0 -26.0
-43.0 -23.0
3.0 32.0
0.0 31.0
39.0 21.0
39.0 24.0
40.0 26.0
40.0 28.0
8.0 -25.0
7.0 -26.0
45.0 35.0
45.0 37.0
-13.0 21.0
-28.0 42.0
-15.0 21.0
-35.0 -28.0
-35.0 -27.0
-12.0 24.0
-13.0 25.0
32.0 24.0
31.0 25.0
-17.0 22.0
-18.0 23.0
-19.0 24.0
-20.0 25.0
-26.0 -21.0
-27.0 -19.0
18.0 -27.0
16.0 -26.0
-30.0 -20.0
-30.0 -19.0
-14.0 28.0
-16.0 29.0
-29.0 -15.0
-29.0 -14.0
14.0 -31.0
12.0 -30.0
11.0 -29.0
9.0 -29.0
33.0 17.0
33.0 19.0
10.0 -27.0
9.0 -27.0
-36.0 -21.0
-36.0 -19.0
-35.0 -17.0
-35.0 -15.0
-3.0 31.0
-5.0 31.0
-33.0 -12.0
-33.0 -10.0
4.0 -32.0
2.0 -32.0
-34.0 -8.0
-34.0 -6.0
-33.0 -4.0
-33.0 -2.0
0.0 33.0
-2.0 33.0
33.0 1.0
33.0 4.0
-5.0 33.0
-7.0 34.0
-32.0 -2.0
-33.0 0.0
-10.0 36.0
-13.0 38.0
34.0 -2.0
33.0 0.0
32.0 3.0
31.0 5.0
12.0 -34.0
10.0 -33.0
32.0 8.0
31.0 10.0
-11.0 31.0
-13.0 32.0
-15.0 33.0
-17.0 35.0
-21.0 38.0
-25.0 42.0
-31.0 -3.0
-33.0 0.0
27.0 -47.0
22.0 -41.0
-32.0 -2.0
-33.0 0.0
-35.0 4.0
-37.0 7.0
-32.0 56.0
-62.0 89.0
62.0 -37.0
45.0 -17.0
-64.0 89.0
-38.0 59.0
-32.0 -28.0
8.0 7.0
7.0 7.0
15.0 14.0
48.0 42.0
-6.0 -5.0
6.0 -19.0
73.0 -47.0
43.0 -13.0
-87.0 110.0
5.0 5.0
17.0 15.0
17.0 16.0
36.0 32.0
85.0 -103.0
52.0 -66.0
-28.0 -7.0
-30.0 -4.0
39.0 -54.0
30.0 -44.0
24.0 -39.0
21.0 -35.0
28.0 12.0
27.0 13.0
-22.0 33.0
-25.0 36.0
26.0 13.0
25.0 14.0
26.0 -34.0
23.0 -31.0
25.0 17.0
24.0 19.0
-25.0 30.0
-27.0 32.0
-31.0 36.0
-36.0 43.0
-22.0 -15.0
-23.0 -13.0
-48.0 59.0
-103.0 122.0
72.0 64.0
113.0 -128.0
48.0 -54.0
17.0 20.0
16.0 22.0
-52.0 55.0
-106.0 117.0
72.0 64.0
52.0 -51.0
79.0 -81.0
-8.0 -30.0
-10.0 -27.0
43.0 -42.0
37.0 -34.0
14.0 25.0
12.0 27.0
35.0 -29.0
32.0 -25.0
-15.0 -27.0
-16.0 -26.0
-18.0 -25.0
-19.0 -24.0
-28.0 27.0
-31.0 30.0
-18.0 -22.0
-19.0 -21.0
29.0 -31.0
26.0 -28.0
25.0 -26.0
23.0 -24.0
23.0 24.0
22.0 25.0
24.0 -21.0
24.0 -19.0
-24.0 -27.0
-26.0 -26.0
41.0 -41.0
20.0 -19.0
19.0 -18.0
32.0 32.0
30.0 32.0
-23.0 15.0
-23.0 16.0
26.0 30.0
24.0 30.0
26.0 -13.0
26.0 -12.0
25.0 33.0
23.0 33.0
-28.0 9.0
-28.0 11.0
-28.0 12.0
-28.0 14.0
-19.0 -29.0
-20.0 -29.0
-26.0 17.0
-26.0 19.0
18.0 27.0
17.0 28.0
15.0 28.0
14.0 29.0
12.0 29.0
10.0 30.0
32.0 -16.0
31.0 -14.0
-12.0 -31.0
-14.0 -30.0
29.0 -13.0
29.0 -11.0
30.0 -9.0
30.0 -7.0
17.0 33.0
14.0 33.0
-31.0 6.0
-31.0 7.0
11.0 32.0
9.0 32.0
32.0 -7.0
32.0 -5.0
8.0 33.0
6.0 33.0
-33.0 4.0
-33.0 6.0
-33.0 9.0
-34.0 11.0
-4.0 -33.0
-6.0 -32.0
-33.0 14.0
-34.0 16.0
4.0 33.0
2.0 34.0
-39.0 22.0
-43.0 28.0
-52.0 40.0
-88.0 82.0
37.0 -75.0
12.0 -49.0
52.0 -42.0
43.0 -30.0
-3.0 -33.0
-6.0 -32.0
-8.0 -31.0
-10.0 -29.0
-35.0 25.0
-38.0 31.0
6.0 31.0
4.0 33.0
-54.0 47.0
-114.0 116.0
45.0 -86.0
9.0 -46.0
-94.0 97.0
-5.0 -5.0
34.0 30.0
32.0 28.0
14.0 12.0
32.0 28.0
-8.0 -7.0
-7.0 -7.0
15.0 13.0
14.0 13.0
28.0 24.0
8.0 8.0
9.0 8.0
-14.0 -12.0
-14.0 -13.0
18.0 16.0
10.0 9.0
107.0 -101.0
-37.0 74.0
-29.0 63.0
-11.0 -10.0
-10.0 -9.0
14.0 12.0
13.0 12.0
11.0 9.0
11.0 10.0
13.0 12.0
13.0 11.0
-22.0 -20.0
-20.0 -18.0
-12.0 -11.0
-13.0 -11.0
-18.0 -16.0
24.0 22.0
12.0 10.0
11.0 10.0
9.0 8.0
10.0 9.0
22.0 20.0
-10.0 -9.0
-9.0 -8.0
20.0 18.0
10.0 8.0
18.0 16.0
10.0 9.0
-18.0 -16.0
20.0 18.0
18.0 16.0
11.0 9.0
11.0 10.0
-18.0 -16.0
-20.0 -18.0
-44.0 -40.0
22.0 20.0
12.0 10.0
12.0 11.0
13.0 11.0
13.0 12.0
11.0 10.0
10.0 9.0
-13.0 -12.0
-13.0 -11.0
20.0 18.0
18.0 16.0
24.0 22.0
-8.0 -7.0
-9.0 -8.0
13.0 12.0
14.0 12.0
8.0 8.0
8.0 7.0
28.0 24.0
-16.0 -14.0
-18.0 -16.0
-15.0 -13.0
-14.0 -13.0
-10.0 -9.0
-11.0 -10.0
56.0 -34.0
69.0 -48.0
34.0 -61.0
22.0 -49.0
16.0 -43.0
11.0 -39.0
-36.0 8.0
-38.0 12.0
-16.0 45.0
-24.0 52.0
-57.0 36.0
-91.0 76.0
-13.0 -12.0
-26.0 -22.0
-13.0 -12.0
95.0 -83.0
57.0 -39.0
18.0 -49.0
11.0 -43.0
-42.0 21.0
-49.0 30.0
15.0 -48.0
9.0 -42.0
40.0 -21.0
37.0 -16.0
35.0 -13.0
34.0 -10.0
-1.0 35.0
-4.0 36.0
35.0 -8.0
34.0 -6.0
3.0 -34.0
1.0 -34.0
33.0 -2.0
33.0 0.0
0.0 33.0
-2.0 33.0
33.0 1.0
33.0 3.0
3.0 -33.0
1.0 -32.0
33.0 6.0
34.0 8.0
34.0 10.0
35.0 12.0
-3.0 31.0
-5.0 31.0
-33.0 -11.0
-33.0 -9.0
-6.0 32.0
-8.0 32.0
32.0 8.0
31.0 10.0
-11.0 31.0
-13.0 32.0
-30.0 -8.0
-31.0 -6.0
-31.0 -4.0
-32.0 -2.0
12.0 -36.0
9.0 -35.0
-32.0 -2.0
-33.0 0.0
-10.0 37.0
-13.0 39.0
-17.0 42.0
-23.0 47.0
37.0 -8.0
35.0 -4.0
-25.0 47.0
-35.0 58.0
-47.0 19.0
-74.0 51.0
-16.0 35.0
16.0 14.0
7.0 6.0
15.0 13.0
16.0 14.0
-14.0 -12.0
34.0 30.0
12.0 10.0
34.0 30.0
-5.0 -4.0
82.0 -105.0
47.0 -66.0
32.0 -49.0
-31.0 -2.0
-33.0 1.0
28.0 -48.0
22.0 -42.0
31.0 4.0
30.0 6.0
29.0 8.0
29.0 10.0
28.0 12.0
27.0 13.0
-22.0 34.0
-25.0 37.0
-27.0 -11.0
-28.0 -9.0
-30.0 44.0
-39.0 54.0
-69.0 88.0
-43.0 58.0
36.0 32.0
81.0 -99.0
52.0 -66.0
26.0 9.0
25.0 11.0
-47.0 58.0
-100.0 118.0
36.0 32.0
111.0 -128.0
47.0 -55.0
36.0 -42.0
30.0 -36.0
-23.0 -17.0
-24.0 -16.0
26.0 -34.0
23.0 -32.0
25.0 17.0
24.0 19.0
23.0 -28.0
21.0 -26.0
20.0 -25.0
19.0 -24.0
-28.0 -22.0
-29.0 -21.0
-16.0 26.0
-18.0 27.0
-28.0 -18.0
-28.0 -16.0
-29.0 -15.0
-29.0 -13.0
14.0 -31.0
12.0 -30.0
31.0 15.0
31.0 17.0
13.0 -28.0
11.0 -27.0
-33.0 -19.0
-33.0 -17.0
7.0 -29.0
6.0 -29.0
36.0 19.0
36.0 21.0
36.0 23.0
36.0 25.0
-12.0 25.0
-13.0 25.0
32.0 24.0
31.0 25.0
32.0 -44.0
15.0 -21.0
14.0 -21.0
-39.0 -32.0
-40.0 -30.0
8.0 -25.0
7.0 -26.0
45.0 34.0
45.0 36.0
12.0 -21.0
11.0 -21.0
10.0 -22.0
9.0 -23.0
-64.0 -52.0
-63.0 -48.0
3.0 32.0
-1.0 30.0
-52.0 -36.0
-50.0 -33.0
-7.0 -35.0
-11.0 -37.0
-54.0 -32.0
-51.0 -27.0
16.0 40.0
12.0 37.0
8.0 35.0
5.0 33.0
42.0 23.0
43.0 26.0
-2.0 30.0
-4.0 29.0
-39.0 -23.0
-39.0 -21.0
-38.0 -18.0
-37.0 -16.0
-3.0 -32.0
-5.0 -33.0
-39.0 -14.0
-37.0 -11.0
7.0 34.0
5.0 33.0
-35.0 -9.0
-34.0 -6.0
-34.0 -4.0
-33.0 -2.0
-6.0 -33.0
-8.0 -33.0
33.0 2.0
34.0 4.0
-10.0 -34.0
-13.0 -35.0
-34.0 -3.0
-33.0 -1.0
-15.0 -34.0
-18.0 -35.0
32.0 -1.0
34.0 1.0
35.0 4.0
37.0 7.0
19.0 39.0
16.0 37.0
39.0 11.0
40.0 14.0
-15.0 -38.0
-18.0 -40.0
-23.0 -42.0
-27.0 -45.0
-32.0 -47.0
-38.0 -50.0
-39.0 -7.0
-35.0 -3.0
34.0 45.0
30.0 43.0
-36.0 -4.0
-34.0 -1.0
-32.0 1.0
-31.0 3.0
-25.0 -36.0
-28.0 -37.0
28.0 -7.0
29.0 -5.0
-34.0 -41.0
-37.0 -41.0
-25.0 10.0
-24.0 11.0
-34.0 -36.0
-36.0 -36.0
19.0 -16.0
19.0 -15.0
40.0 -28.0
49.0 48.0
46.0 48.0
29.0 -4.0
32.0 -1.0
-55.0 -57.0
-59.0 -58.0
23.0 -9.0
25.0 -7.0
29.0 -4.0
34.0 1.0
100.0 97.0
84.0 88.0
-57.0 -25.0
-48.0 -15.0
58.0 65.0
49.0 60.0
41.0 55.0
33.0 51.0
54.0 27.0
60.0 34.0
-30.0 -51.0
-40.0 -58.0
73.0 45.0
85.0 59.0
30.0 53.0
20.0 45.0
77.0 58.0
80.0 65.0
2.0 -28.0
-4.0 -32.0
-12.0 -40.0
-28.0 -53.0
-157.0 -126.0
-122.0 -90.0
-101.0 -109.0
-143.0 -141.0
99.0 61.0
200.0 154.0
435.0 375.0
423.0 388.0
177.0 180.0
72.0 91.0
-156.0 -125.0
-120.0 -87.0
-103.0 -110.0
-144.0 -141.0
-56.0 -22.0
-41.0 -7.0
-32.0 0.0
-28.0 5.0
74.0 72.0
67.0 70.0
46.0 14.0
56.0 24.0
68.0 78.0
54.0 67.0
-62.0 -33.0
-54.0 -24.0
41.0 55.0
34.0 51.0
54.0 27.0
59.0 34.0
66.0 42.0
72.0 50.0
-21.0 -46.0
-32.0 -54.0
97.0 73.0
108.0 87.0
5.0 34.0
0.0 29.0
-4.0 26.0
-6.0 24.0
-64.0 -52.0
-63.0 -48.0
3.0 32.0
0.0 30.0
53.0 40.0
53.0 43.0
-11.0 22.0
-12.0 21.0
-26.0 42.0
-39.0 -32.0
-40.0 -30.0
8.0 -25.0
6.0 -26.0
-45.0 -32.0
-45.0 -29.0
-1.0 30.0
-3.0 29.0
-39.0 -23.0
-39.0 -21.0
0.0 -31.0
-3.0 -32.0
-6.0 -34.0
-9.0 -35.0
46.0 25.0
49.0 29.0
-7.0 -35.0
-12.0 -38.0
-54.0 -32.0
-51.0 -27.0
-47.0 -22.0
-44.0 -17.0
-41.0 -13.0
-39.0 -10.0
19.0 39.0
16.0 37.0
39.0 11.0
40.0 14.0
11.0 36.0
8.0 35.0
6.0 33.0
3.0 33.0
-37.0 -13.0
-36.0 -11.0
-5.0 -33.0
-7.0 -34.0
-36.0 -9.0
-35.0 -6.0
8.0 34.0
6.0 33.0
-34.0 -4.0
-33.0 -2.0
-6.0 -33.0
-8.0 -33.0
-11.0 -34.0
-13.0 -34.0
33.0 1.0
34.0 3.0
-16.0 -36.0
-19.0 -37.0
-34.0 -1.0
-32.0 1.0
-20.0 -35.0
-23.0 -36.0
-25.0 -36.0
-28.0 -36.0
28.0 -7.0
29.0 -5.0
31.0 40.0
28.0 40.0
34.0 1.0
36.0 4.0
38.0 7.0
41.0 11.0
-33.0 -47.0
-38.0 -50.0
-38.0 -6.0
-35.0 -3.0
-39.0 -46.0
-42.0 -47.0
29.0 -4.0
32.0 -1.0
-55.0 -57.0
-59.0 -57.0
-21.0 12.0
-20.0 13.0
-20.0 14.0
-19.0 15.0
41.0 40.0
39.0 41.0
-25.0 10.0
-24.0 11.0
-34.0 -36.0
-36.0 -35.0
-19.0 17.0
-38.0 36.0
-20.0 19.0
28.0 28.0
27.0 29.0
23.0 -16.0
23.0 -15.0
29.0 33.0
27.0 33.0
25.0 33.0
23.0 33.0
-28.0 9.0
-28.0 11.0
-21.0 -31.0
-23.0 -31.0
-25.0 15.0
-26.0 16.0
20.0 28.0
19.0 29.0
-28.0 16.0
-28.0 18.0
-17.0 -27.0
-18.0 -27.0
-20.0 -26.0
-21.0 -25.0
24.0 -21.0
24.0 -20.0
-24.0 -26.0
-26.0 -26.0
-21.0 22.0
-22.0 23.0
-23.0 24.0
-25.0 26.0
21.0 22.0
20.0 23.0
-28.0 27.0
-31.0 30.0
-18.0 -22.0
-19.0 -21.0
-32.0 35.0
-37.0 41.0
-48.0 53.0
-112.0 127.0
36.0 32.0
104.0 -115.0
51.0 -54.0
14.0 23.0
12.0 25.0
-58.0 60.0
-87.0 93.0
36.0 32.0
51.0 -51.0
78.0 -80.0
48.0 -46.0
39.0 -35.0
-12.0 -27.0
-14.0 -25.0
33.0 -30.0
30.0 -26.0
16.0 26.0
15.0 27.0
13.0 27.0
12.0 28.0
10.0 29.0
8.0 30.0
-38.0 27.0
-43.0 34.0
-4.0 -33.0
-6.0 -31.0
-44.0 38.0
-59.0 56.0
-93.0 96.0
-5.0 -4.0
34.0 30.0
12.0 10.0
34.0 30.0
-14.0 -12.0
16.0 14.0
15.0 13.0
7.0 6.0
16.0 14.0
33.0 -20.0
41.0 -80.0
13.0 -49.0
52.0 -43.0
43.0 -31.0
0.0 35.0
-3.0 38.0
44.0 -29.0
39.0 -22.0
36.0 -18.0
35.0 -14.0
-4.0 -33.0
-6.0 -32.0
-33.0 14.0
-34.0 17.0
-6.0 -32.0
-8.0 -31.0
-10.0 -30.0
-12.0 -29.0
30.0 -17.0
30.0 -15.0
14.0 30.0
12.0 31.0
31.0 -12.0
31.0 -10.0
-13.0 -32.0
-15.0 -31.0
29.0 -9.0
30.0 -7.0
17.0 33.0
14.0 33.0
12.0 33.0
10.0 33.0
-32.0 5.0
-32.0 7.0
7.0 32.0
5.0 33.0
33.0 -7.0
33.0 -4.0
4.0 33.0
2.0 33.0
-33.0 5.0
-34.0 7.0
-1.0 35.0
-4.0 36.0
35.0 -9.0
34.0 -6.0
-5.0 35.0
-8.0 37.0
-11.0 39.0
-16.0 43.0
-40.0 14.0
-45.0 21.0
23.0 -52.0
16.0 -45.0
-41.0 17.0
-46.0 24.0
-31.0 62.0
-70.0 106.0
-13.0 -12.0
-26.0 -22.0
-13.0 -12.0
63.0 -100.0
28.0 -61.0
49.0 -30.0
42.0 -21.0
7.0 -39.0
4.0 -37.0
-37.0 16.0
-40.0 21.0
-45.0 28.0
-56.0 42.0
-39.0 75.0
-26.0 60.0
-11.0 -10.0
-10.0 -9.0
-14.0 -13.0
-15.0 -13.0
-18.0 -16.0
-16.0 -14.0
28.0 24.0
8.0 7.0
8.0 8.0
14.0 12.0
13.0 12.0
-9.0 -8.0
-8.0 -7.0
24.0 22.0
18.0 16.0
20.0 18.0
-13.0 -11.0
-13.0 -12.0
10.0 9.0
11.0 10.0
13.0 12.0
13.0 11.0
12.0 11.0
12.0 10.0
22.0 20.0
-44.0 -40.0
-20.0 -18.0
-18.0 -16.0
11.0 10.0
11.0 9.0
18.0 16.0
20.0 18.0
-18.0 -16.0
10.0 9.0
18.0 16.0
10.0 8.0
20.0 18.0
-9.0 -8.0
-10.0 -9.0
22.0 20.0
10.0 9.0
9.0 8.0
11.0 10.0
12.0 10.0
24.0 22.0
-18.0 -16.0
-13.0 -11.0
-12.0 -11.0
-20.0 -18.0
-22.0 -20.0
13.0 11.0
13.0 12.0
11.0 10.0
11.0 9.0
13.0 12.0
14.0 12.0
-10.0 -9.0
-11.0 -10.0
59.0 -37.0
68.0 -47.0
-86.0 120.0
10.0 9.0
18.0 16.0
-14.0 -13.0
-14.0 -12.0
9.0 8.0
8.0 8.0
28.0 24.0
14.0 13.0
15.0 13.0
-7.0 -7.0
-8.0 -7.0
32.0 28.0
14.0 12.0
32.0 28.0
34.0 30.0
-5.0 -5.0
83.0 -106.0
-45.0 15.0
-79.0 55.0
100.0 -128.0
39.0 -59.0
33.0 -1.0
31.0 2.0
25.0 -42.0
21.0 -38.0
-30.0 -6.0
-31.0 -4.0
-32.0 -2.0
-33.0 1.0
-25.0 47.0
-35.0 57.0
-46.0 19.0
-69.0 46.0
70.0 -99.0
33.0 -57.0
23.0 -47.0
17.0 -42.0
34.0 -3.0
33.0 0.0
12.0 -36.0
9.0 -35.0
-32.0 -2.0
-33.0 0.0
7.0 -35.0
5.0 -34.0
2.0 -33.0
0.0 -33.0
33.0 2.0
33.0 4.0
-1.0 33.0
-3.0 33.0
33.0 5.0
33.0 7.0
4.0 -32.0
2.0 -32.0
34.0 10.0
35.0 12.0
-3.0 31.0
-5.0 31.0
-7.0 31.0
-9.0 31.0
-32.0 -10.0
-32.0 -8.0
-10.0 33.0
-12.0 34.0
31.0 6.0
31.0 8.0
30.0 10.0
30.0 12.0
29.0 13.0
29.0 15.0
16.0 -29.0
14.0 -28.0
-31.0 -17.0
-31.0 -15.0
10.0 -29.0
9.0 -29.0
7.0 -29.0
5.0 -29.0
36.0 19.0
36.0 21.0
-8.0 27.0
-10.0 27.0
33.0 20.0
33.0 22.0
13.0 -25.0
12.0 -25.0
36.0 26.0
35.0 28.0
-15.0 22.0
-16.0 22.0
-17.0 23.0
-18.0 23.0
-29.0 -22.0
-29.0 -21.0
-16.0 26.0
-18.0 27.0
27.0 19.0
26.0 20.0
-21.0 26.0
-22.0 28.0
-24.0 30.0
-27.0 33.0
-23.0 -17.0
-24.0 -15.0
26.0 -34.0
23.0 -32.0
-26.0 -16.0
-27.0 -15.0
-27.0 -13.0
-28.0 -11.0
-21.0 36.0
-24.0 39.0
28.0 9.0
27.0 11.0
-29.0 41.0
-36.0 49.0
-28.0 -7.0
-30.0 -4.0
-70.0 89.0
-43.0 58.0
72.0 64.0
102.0 -121.0
48.0 -59.0
23.0 13.0
22.0 15.0
-47.0 55.0
-112.0 129.0
72.0 64.0
107.0 -119.0
52.0 -55.0
-16.0 -21.0
-18.0 -20.0
37.0 -41.0
32.0 -35.0
29.0 -31.0
26.0 -28.0
21.0 22.0
20.0 23.0
-28.0 27.0
-30.0 30.0
17.0 23.0
16.0 24.0
33.0 -29.0
30.0 -26.0
16.0 26.0
15.0 26.0
-32.0 25.0
-35.0 29.0
-40.0 35.0
-48.0 46.0
-8.0 -29.0
-10.0 -27.0
-59.0 61.0
-91.0 98.0
36.0 32.0
17.0 16.0
17.0 15.0
5.0 5.0
97.0 -100.0
-7.0 45.0
-38.0 79.0
-18.0 8.0
-6.0 -5.0
48.0 42.0
15.0 14.0
7.0 7.0
8.0 7.0
-32.0 -28.0
53.0 -45.0
80.0 -75.0
-11.0 47.0
-29.0 67.0
80.0 -73.0
51.0 -39.0
3.0 -38.0
-1.0 -35.0
-4.0 -33.0
-6.0 -32.0
-38.0 27.0
-43.0 33.0
-4.0 -33.0
-7.0 -31.0
38.0 -30.0
35.0 -25.0
33.0 -22.0
31.0 -19.0
30.0 -17.0
30.0 -15.0
14.0 30.0
12.0 31.0
-31.0 14.0
-32.0 16.0
9.0 31.0
7.0 32.0
4.0 33.0
2.0 34.0
36.0 -17.0
35.0 -14.0
-4.0 -33.0
-6.0 -32.0
32.0 -11.0
32.0 -9.0
8.0 32.0
6.0 33.0
33.0 -6.0
32.0 -4.0
-6.0 -33.0
-8.0 -33.0
-10.0 -33.0
-13.0 -33.0
-31.0 6.0
-31.0 8.0
-14.0 -32.0
-15.0 -32.0
29.0 -9.0
30.0 -7.0
-19.0 -33.0
-21.0 -33.0
-23.0 -33.0
-25.0 -33.0
-26.0 12.0
-25.0 13.0
23.0 31.0
21.0 31.0
-27.0 13.0
-28.0 14.0
-28.0 16.0
-28.0 18.0
-17.0 -27.0
-18.0 -27.0
26.0 -19.0
26.0 -18.0
-22.0 -28.0
-23.0 -27.0
-24.0 20.0
-24.0 21.0
-22.0 -24.0
-23.0 -24.0
22.0 -23.0
21.0 -22.0
20.0 -21.0
20.0 -20.0
29.0 28.0
27.0 29.0
23.0 -16.0
23.0 -15.0
-31.0 -32.0
-32.0 -31.0
19.0 -18.0
19.0 -17.0
38.0 -32.0
42.0 41.0
40.0 41.0
-24.0 10.0
-24.0 12.0
33.0 36.0
30.0 37.0
28.0 37.0
26.0 36.0
31.0 -4.0
32.0 -1.0
-28.0 -40.0
-31.0 -40.0
30.0 -3.0
32.0 0.0
35.0 45.0
31.0 44.0
38.0 7.0
41.0 11.0
-33.0 -48.0
-39.0 -51.0
-45.0 -53.0
-50.0 -56.0
-31.0 1.0
-29.0 4.0
-46.0 -48.0
-49.0 -48.0
20.0 -13.0
21.0 -12.0
22.0 -11.0
24.0 -9.0
76.0 73.0
68.0 70.0
47.0 14.0
56.0 24.0
-86.0 -90.0
-102.0 -99.0
40.0 6.0
55.0 21.0
90.0 53.0
192.0 146.0
186.0 189.0
73.0 92.0
-161.0 -130.0
-123.0 -90.0
72.0 87.0
48.0 68.0
99.0 75.0
110.0 90.0
5.0 33.0
-1.0 29.0
-82.0 -67.0
-78.0 -59.0
-73.0 -51.0
-66.0 -42.0
-32.0 -52.0
-42.0 -59.0
-63.0 -34.0
-54.0 -24.0
42.0 56.0
34.0 51.0
27.0 47.0
22.0 43.0
17.0 40.0
12.0 38.0
47.0 25.0
49.0 29.0
-7.0 -35.0
-12.0 -38.0
58.0 38.0
61.0 43.0
64.0 48.0
65.0 53.0
-9.0 23.0
-10.0 22.0
-54.0 -43.0
-53.0 -40.0
-3.0 28.0
-5.0 27.0
46.0 35.0
46.0 37.0
-26.0 42.0
-40.0 -32.0
-40.0 -30.0
-40.0 -28.0
-40.0 -26.0
3.0 -29.0
1.0 -30.0
-44.0 -26.0
-43.0 -23.0
3.0 32.0
1.0 31.0
-38.0 -18.0
-38.0 -16.0
-37.0 -14.0
-36.0 -11.0
-5.0 -33.0
-8.0 -34.0
37.0 11.0
39.0 14.0
-9.0 -35.0
-12.0 -36.0
-15.0 -38.0
-19.0 -40.0
-42.0 -14.0
-39.0 -10.0
19.0 39.0
16.0 37.0
-37.0 -8.0
-36.0 -6.0
-16.0 -36.0
-19.0 -37.0
-34.0 -1.0
-32.0 1.0
18.0 35.0
16.0 35.0
13.0 34.0
11.0 34.0
33.0 2.0
34.0 4.0
8.0 34.0
6.0 33.0
-34.0 -4.0
-33.0 -2.0
4.0 33.0
2.0 33.0
33.0 2.0
33.0 4.0
0.0 32.0
-2.0 33.0
-33.0 -3.0
-33.0 -1.0
-4.0 34.0
-7.0 35.0
-9.0 36.0
-12.0 38.0
34.0 -2.0
33.0 0.0
12.0 -36.0
9.0 -34.0
32.0 4.0
32.0 6.0
-9.0 33.0
-12.0 34.0
31.0 7.0
31.0 8.0
12.0 -32.0
10.0 -31.0
9.0 -31.0
7.0 -31.0
-33.0 -11.0
-33.0 -9.0
3.0 -32.0
1.0 -32.0
34.0 10.0
35.0 13.0
35.0 15.0
36.0 17.0
-5.0 29.0
-7.0 29.0
33.0 17.0
33.0 19.0
10.0 -27.0
8.0 -27.0
36.0 23.0
36.0 25.0
36.0 27.0
35.0 28.0
-15.0 22.0
-16.0 22.0
-32.0 -25.0
-32.0 -24.0
-14.0 25.0
-15.0 25.0
29.0 21.0
29.0 23.0
-19.0 24.0
-20.0 25.0
-26.0 -21.0
-27.0 -19.0
-28.0 -18.0
-28.0 -17.0
15.0 -29.0
14.0 -28.0
-31.0 -17.0
-31.0 -15.0
-12.0 30.0
-14.0 31.0
-16.0 32.0
-18.0 33.0
-21.0 35.0
-24.0 39.0
28.0 9.0
27.0 11.0
24.0 -36.0
21.0 -33.0
27.0 15.0
26.0 16.0
25.0 17.0
24.0 19.0
-24.0 30.0
-27.0 32.0
-23.0 -17.0
-24.0 -16.0
-29.0 38.0
-35.0 44.0
23.0 13.0
22.0 15.0
-44.0 51.0
-76.0 89.0
-27.0 -7.0
-42.0 11.0
-28.0 -5.0
-18.0 -16.0
92.0 -111.0
48.0 -61.0
-28.0 -7.0
-30.0 -4.0
-60.0 77.0
-59.0 75.0
-18.0 -16.0
-51.0 -45.0
-6.0 -5.0
20.0 -36.0
62.0 -36.0
42.0 -12.0
45.0 -64.0
31.0 -49.0
25.0 -42.0
20.0 -38.0
-30.0 -6.0
-31.0 -4.0
-21.0 41.0
-27.0 47.0
-35.0 4.0
-39.0 9.0
33.0 -55.0
24.0 -46.0
-35.0 4.0
-37.0 7.0
-31.0 56.0
-59.0 86.0
-39.0 63.0
40.0 35.0
14.0 12.0
-16.0 -14.0
-15.0 -14.0
-15.0 -13.0
-14.0 -13.0
-16.0 -14.0
-15.0 -13.0
-14.0 -12.0
9.0 8.0
8.0 7.0
-13.0 -12.0
-26.0 -22.0
-12.0 -11.0
-18.0 -16.0
12.0 11.0
13.0 11.0
-20.0 -18.0
-13.0 -12.0
-13.0 -11.0
-22.0 -20.0
13.0 11.0
13.0 12.0
14.0 12.0
14.0 13.0
11.0 10.0
10.0 9.0
14.0 13.0
15.0 13.0
-10.0 -9.0
93.0 -127.0
32.0 -59.0
21.0 -48.0
-40.0 13.0
-44.0 20.0
22.0 -51.0
15.0 -44.0
37.0 -11.0
36.0 -8.0
8.0 -37.0
5.0 -35.0
2.0 -34.0
0.0 -34.0
-33.0 5.0
-33.0 7.0
-1.0 35.0
-4.0 36.0
-36.0 11.0
-38.0 15.0
6.0 -39.0
3.0 -36.0
-37.0 16.0
-40.0 21.0
-8.0 41.0
-14.0 47.0
-25.0 58.0
-72.0 110.0
103.0 -92.0
55.0 -36.0
-28.0 59.0
-78.0 115.0
-13.0 -12.0
-13.0 -11.0
-12.0 -11.0
-12.0 -10.0
-22.0 -20.0
-13.0 -11.0
-13.0 -12.0
11.0 9.0
11.0 10.0
-14.0 -12.0
-14.0 -13.0
40.0 -76.0
31.0 -67.0
-112.0 108.0
-10.0 -9.0
15.0 13.0
14.0 13.0
-10.0 -9.0
-9.0 -8.0
-14.0 -13.0
-15.0 -13.0
-16.0 -14.0
28.0 24.0
13.0 12.0
13.0 11.0
18.0 16.0
13.0 11.0
12.0 11.0
-18.0 -16.0
12.0 10.0
33.0 30.0
9.0 8.0
10.0 9.0
-22.0 -20.0
20.0 18.0
44.0 40.0
-22.0 -20.0
20.0 18.0
22.0 20.0
18.0 16.0
-11.0 -10.0
-11.0 -9.0
-20.0 -18.0
-18.0 -16.0
-10.0 -9.0
-9.0 -8.0