G1 3600 3200 1000
G1 40 3200 1000
G1 3600 3200 1000
G1 40 3200 1000
G1 3600 3200 1000
G1 40 3200 1000
G1 3600 3200 1000
G1 40 3200 1000
G1 3600 3200 1000
G1 40 3200 1000
G1 3600 3200 1000
G1 40 3200 1000
G1 3600 3200 1000
G1 40 3200 1000
G1 3600 3200 1000
G1 40 3200 1000
G1 3600 3200 1000
G1 40 3200 1000
G1 3600 3200 1000
G1 40 3200 1000
G1 3600 3200 1000
G1 40 3200 1000
G1 3600 3200 1000
G1 40 3200 1000
G1 3600 3200 1000
G1 40 3200 1000
G1 3600 3200 1000
G1 40 3200 1000
G1 3600 3200 1000
G1 40 3200 1000
G1 3600 3200 1000
G1 40 3200 1000
G1 3600 3200 1000
G1 40 3200 1000
G1 3600 3200 1000
G1 40 3200 1000
G1 3600 3200 1000
G1 40 3200 1000
G1 3600 3200 1000
G1 40 3200 1000
G1 3600 3200 1000
G1 40 3200 1000
G1 3600 3200 1000
G1 40 3200 1000
G1 3600 3200 1000
G1 40 3200 1000
G1 3600 3200 1000
G1 40 3200 1000
G1 3600 3200 1000
G1 40 3200 1000
G1 3600 3200 1000
G1 40 3200 1000
G1 3600 3200 1000
G1 40 3200 1000
G1 3600 3200 1000
G1 40 3200 1000
G1 3600 3200 1000
G1 40 3200 1000
G1 3600 3200 1000
G1 40 3200 1000
G1 3600 3200 1000
G1 40 3200 1000
G1 3600 3200 1000
G1 40 3200 1000
G1 3600 3200 1000
G1 40 3200 1000
G1 3600 3200 1000
G1 40 3200 1000
G1 3600 3200 1000
G1 40 3200 1000
G1 3600 3200 1000
G1 40 3200 1000
G1 3600 3200 1000
G1 40 3200 1000
G1 3600 3200 1000
G1 40 3200 1000
G1 3600 3200 1000
G1 40 3200 1000
G1 3600 3200 1000

