G1 3200 0 1000
G1 80 90 1000
G1 3200 0 1000
G1 80 90 1000
G1 3200 0 1000
G1 80 90 1000
G1 3200 0 1000
G1 80 90 1000
G1 3200 0 1000
G1 80 90 1000
G1 3200 0 1000
G1 80 90 1000
G1 3200 0 1000
G1 80 90 1000
G1 3200 0 1000
G1 80 90 1000
G1 3200 0 1000
G1 80 90 1000
G1 3200 0 1000
G1 80 90 1000
G1 3200 0 1000
G1 80 90 1000
G1 3200 0 1000
G1 80 90 1000
G1 3200 0 1000
G1 80 90 1000
G1 3200 0 1000
G1 80 90 1000
G1 3200 0 1000
G1 80 90 1000
G1 3200 0 1000
G1 80 90 1000
G1 3200 0 1000
G1 80 90 1000
G1 3200 0 1000
G1 80 90 1000
G1 3200 0 1000
G1 80 90 1000
G1 3200 0 1000
G1 80 90 1000
G1 3200 0 1000
G1 80 90 1000
G1 3200 0 1000
G1 80 90 1000
G1 3200 0 1000
G1 80 90 1000
G1 3200 0 1000
G1 80 90 1000
G1 3200 0 1000
G1 80 90 1000
G1 3200 0 1000
G1 80 90 1000
G1 3200 0 1000
G1 80 90 1000
G1 3200 0 1000
G1 80 90 1000
G1 3200 0 1000
G1 80 90 1000
G1 3200 0 1000
G1 80 90 1000
G1 3200 0 1000
G1 80 90 1000
G1 3200 0 1000
G1 80 90 1000
G1 3200 0 1000
G1 80 90 1000
G1 3200 0 1000
G1 80 90 1000
G1 3200 0 1000
G1 80 90 1000
G1 3200 0 1000
G1 80 90 1000
G1 3200 0 1000
G1 80 90 1000
G1 3200 0 1000
G1 80 90 1000
G1 3200 0 1000
G1 80 90 1000
G1 3200 0 1000
G1 80 90 1000
G1 3200 0 1000
G1 80 90 1000
G1 3200 0 1000
G1 80 90 1000
G1 3200 0 1000
G1 80 90 1000
G1 3200 0 1000
G1 80 90 1000
G1 3200 0 1000
G1 80 90 1000
G1 3200 0 1000
G1 80 90 1000
G1 3200 0 1000
G1 80 90 1000
G1 3200 0 1000
G1 80 90 1000
