G1 -39 44 1000
G1 -11 12 1000
G1 -14 16 1000
G1 -16 18 1000
G1 -16 19 1000
G1 -68 80 1000
G1 -34 42 1000
G1 -32 42 1000
G1 -32 44 1000
G1 -15 22 1000
G1 -15 23 1000
G1 -28 46 1000
G1 -13 24 1000
G1 -12 25 1000
G1 -11 25 1000
G1 -10 26 1000
G1 -9 27 1000
G1 -7 28 1000
G1 -5 30 1000
G1 -3 32 1000
G1 0 34 1000
G1 4 37 1000
G1 9 40 1000
G1 15 44 1000
G1 22 50 1000
G1 32 57 1000
G1 45 66 1000
G1 60 76 1000
G1 78 87 1000
G1 96 98 1000
G1 110 103 1000
G1 116 101 1000
G1 113 91 1000
G1 102 75 1000
G1 89 58 1000
G1 76 43 1000
G1 65 30 1000
G1 56 20 1000
G1 49 12 1000
G1 43 6 1000
G1 38 2 1000
G1 35 -2 1000
G1 32 -5 1000
G1 30 -8 1000
G1 28 -10 1000
G1 26 -11 1000
G1 25 -13 1000
G1 24 -14 1000
G1 23 -15 1000
G1 44 -32 1000
G1 42 -34 1000
G1 40 -36 1000
G1 76 -76 1000
G1 72 -76 1000
G1 34 -38 1000
G1 16 -18 1000
G1 15 -17 1000
G1 13 -15 1000
G1 8 -9 1000
G1 -8 9 1000
G1 -13 15 1000
G1 -15 17 1000
G1 -16 19 1000
G1 -17 19 1000
G1 -51 60 1000
G1 -51 63 1000
G1 -32 42 1000
G1 -16 22 1000
G1 -30 44 1000
G1 -15 23 1000
G1 -14 23 1000
G1 -26 48 1000
G1 -12 25 1000
G1 -11 26 1000
G1 -9 27 1000
G1 -8 28 1000
G1 -6 29 1000
G1 -4 31 1000
G1 -1 33 1000
G1 2 35 1000
G1 6 38 1000
G1 12 42 1000
G1 19 47 1000
G1 27 53 1000
G1 38 61 1000
G1 52 71 1000
G1 69 82 1000
G1 87 93 1000
G1 104 101 1000
G1 114 103 1000
G1 116 97 1000
G1 108 83 1000
G1 95 67 1000
G1 82 50 1000
G1 70 36 1000
G1 60 25 1000
G1 52 16 1000
G1 45 9 1000
G1 40 4 1000
G1 37 -1 1000
G1 33 -4 1000
G1 31 -7 1000
G1 29 -9 1000
G1 27 -11 1000
G1 26 -12 1000
G1 25 -13 1000
G1 24 -14 1000
G1 23 -15 1000
G1 22 -16 1000
G1 42 -34 1000
G1 60 -54 1000
G1 57 -57 1000
G1 72 -76 1000
G1 51 -57 1000
G1 16 -18 1000
G1 14 -16 1000
G1 11 -12 1000
G1 4 -5 1000
G1 -5 5 1000
G1 -11 13 1000
G1 -14 16 1000
G1 -16 18 1000
G1 -16 19 1000
G1 -68 80 1000
G1 -34 42 1000
G1 -32 42 1000
G1 -32 44 1000
G1 -15 22 1000
G1 -15 23 1000
G1 -28 46 1000
G1 -13 24 1000
G1 -12 25 1000
G1 -11 25 1000
G1 -10 26 1000
G1 -9 27 1000
G1 -7 29 1000
G1 -5 30 1000
G1 -3 32 1000
G1 0 34 1000
G1 4 37 1000
G1 9 40 1000
G1 15 45 1000
G1 23 50 1000
G1 33 57 1000
G1 45 66 1000
G1 61 76 1000
G1 78 88 1000
G1 96 98 1000
G1 110 104 1000
G1 116 101 1000
G1 113 91 1000
G1 102 75 1000
G1 88 58 1000
G1 76 43 1000
G1 64 30 1000
G1 55 20 1000
G1 48 12 1000
G1 43 6 1000
G1 38 1 1000
G1 35 -2 1000
G1 32 -5 1000
G1 30 -8 1000
G1 28 -10 1000
G1 26 -11 1000
G1 25 -13 1000
G1 24 -14 1000
G1 23 -15 1000
G1 44 -32 1000
G1 42 -34 1000
G1 40 -36 1000
G1 76 -76 1000
G1 72 -76 1000
G1 34 -38 1000
G1 16 -18 1000
G1 15 -17 1000
G1 13 -15 1000
G1 8 -9 1000
G1 -8 10 1000
G1 -13 15 1000
G1 -15 17 1000
G1 -16 19 1000
G1 -17 19 1000
G1 -51 60 1000
G1 -51 63 1000
G1 -16 21 1000
G1 -32 44 1000
G1 -30 44 1000
G1 -15 23 1000
G1 -14 23 1000
G1 -26 48 1000
G1 -12 25 1000
G1 -11 26 1000
G1 -9 27 1000
G1 -8 28 1000
G1 -6 29 1000
G1 -4 31 1000
G1 -1 33 1000
G1 2 35 1000
G1 7 38 1000
G1 12 42 1000
G1 19 47 1000
G1 27 53 1000
G1 39 61 1000
G1 53 71 1000
G1 69 82 1000
G1 88 93 1000
G1 104 102 1000
G1 115 103 1000
G1 115 97 1000
G1 108 83 1000
G1 95 66 1000
G1 82 50 1000
G1 70 36 1000
G1 60 25 1000
G1 52 16 1000
G1 45 9 1000
G1 40 4 1000
G1 36 -1 1000
G1 33 -4 1000
G1 31 -7 1000
G1 29 -9 1000
G1 27 -11 1000
G1 26 -12 1000
G1 25 -13 1000
G1 24 -14 1000
G1 23 -15 1000
G1 22 -16 1000
G1 42 -34 1000
G1 60 -54 1000
G1 57 -57 1000
G1 72 -76 1000
G1 51 -57 1000
G1 16 -18 1000
G1 14 -16 1000
G1 11 -12 1000
G1 4 -5 1000
G1 -5 6 1000
G1 -11 13 1000
G1 -14 16 1000
G1 -16 18 1000
G1 -16 19 1000
G1 -68 80 1000
G1 -34 42 1000
G1 -32 42 1000
G1 -32 44 1000
G1 -15 22 1000
G1 -15 23 1000
G1 -28 46 1000
G1 -13 24 1000
G1 -12 25 1000
G1 -11 25 1000
G1 -10 26 1000
G1 -9 27 1000
G1 -7 29 1000
G1 -5 30 1000
G1 -2 32 1000
G1 1 34 1000
G1 4 37 1000
G1 9 40 1000
G1 15 45 1000
G1 23 50 1000
G1 33 57 1000
G1 45 66 1000
G1 61 77 1000
G1 79 88 1000
G1 97 98 1000
G1 111 104 1000
G1 116 101 1000
G1 112 90 1000
G1 102 74 1000
G1 88 58 1000
G1 75 42 1000
G1 64 30 1000
G1 55 20 1000
G1 48 12 1000
G1 43 6 1000
G1 38 1 1000
G1 35 -2 1000
G1 32 -5 1000
G1 30 -8 1000
G1 28 -10 1000
G1 26 -11 1000
G1 25 -13 1000
G1 24 -14 1000
G1 23 -15 1000
G1 44 -32 1000
G1 42 -34 1000
G1 40 -36 1000
G1 76 -76 1000
G1 72 -76 1000
G1 34 -38 1000
G1 16 -18 1000
G1 15 -17 1000
G1 13 -14 1000
G1 8 -9 1000
G1 -1 1 1000
G1 -9 10 1000
G1 -13 15 1000
G1 -15 17 1000
G1 -16 19 1000
G1 -17 19 1000
G1 -51 60 1000
G1 -51 63 1000
G1 -16 21 1000
G1 -32 44 1000
G1 -30 44 1000
G1 -15 23 1000
G1 -14 23 1000
G1 -26 48 1000
G1 -12 25 1000
G1 -11 26 1000
G1 -9 27 1000
G1 -8 28 1000
G1 -6 29 1000
G1 -4 31 1000
G1 -1 33 1000
G1 2 35 1000
G1 7 39 1000
G1 12 42 1000
G1 19 47 1000
G1 28 54 1000
G1 39 62 1000
G1 53 71 1000
G1 70 82 1000
G1 88 94 1000
G1 105 102 1000
G1 115 103 1000
G1 115 96 1000
G1 107 82 1000
G1 95 66 1000
G1 81 49 1000
G1 69 36 1000
G1 59 24 1000
G1 51 16 1000
G1 45 9 1000
G1 40 3 1000
G1 36 -1 1000
G1 33 -4 1000
G1 31 -7 1000
G1 29 -9 1000
G1 27 -11 1000
G1 26 -12 1000
G1 24 -13 1000
G1 24 -14 1000
G1 23 -15 1000
G1 22 -16 1000
G1 42 -34 1000
G1 60 -54 1000
G1 57 -57 1000
G1 72 -76 1000
G1 51 -57 1000
G1 16 -18 1000
G1 14 -16 1000
G1 11 -12 1000
G1 4 -4 1000
G1 -5 6 1000
G1 -11 13 1000
G1 -14 16 1000
G1 -16 18 1000
G1 -16 19 1000
G1 -68 80 1000
G1 -34 42 1000
G1 -32 42 1000
G1 -32 44 1000
G1 -15 22 1000
G1 -15 23 1000
G1 -14 23 1000
G1 -14 24 1000
G1 -13 24 1000
G1 -12 25 1000
G1 -11 25 1000
G1 -10 26 1000
G1 -9 27 1000
G1 -7 29 1000
G1 -5 30 1000
G1 -2 32 1000
G1 1 34 1000
G1 4 37 1000
G1 9 40 1000
G1 15 45 1000
G1 23 50 1000
G1 33 57 1000
G1 46 66 1000
G1 61 77 1000
G1 79 88 1000
G1 97 98 1000
G1 111 104 1000
G1 116 101 1000
G1 112 90 1000
G1 101 74 1000
G1 88 57 1000
G1 75 42 1000
G1 64 30 1000
G1 55 20 1000
G1 48 12 1000
G1 43 6 1000
G1 38 1 1000
G1 35 -3 1000
G1 32 -6 1000
G1 30 -8 1000
G1 28 -10 1000
G1 26 -11 1000
G1 25 -13 1000
G1 24 -14 1000
G1 23 -15 1000
G1 44 -32 1000
G1 42 -34 1000
G1 40 -36 1000
G1 76 -76 1000
G1 72 -76 1000
G1 34 -38 1000
G1 16 -18 1000
G1 15 -17 1000
G1 13 -14 1000
G1 8 -9 1000
G1 -1 1 1000
G1 -9 10 1000
G1 -13 15 1000
G1 -15 17 1000
G1 -16 19 1000
G1 -17 19 1000
G1 -51 60 1000
G1 -51 63 1000
G1 -16 21 1000
G1 -32 44 1000
G1 -30 44 1000
G1 -15 23 1000
G1 -14 23 1000
G1 -26 48 1000
G1 -12 25 1000
G1 -11 26 1000
G1 -9 27 1000
G1 -8 28 1000
G1 -6 29 1000
G1 -4 31 1000
G1 -1 33 1000
G1 2 35 1000
G1 7 39 1000
G1 12 43 1000
G1 19 47 1000
G1 28 54 1000
G1 39 62 1000
G1 53 71 1000
G1 70 83 1000
G1 89 94 1000
G1 105 102 1000
G1 115 103 1000
G1 115 96 1000
G1 107 82 1000
G1 94 65 1000
G1 81 49 1000
G1 69 35 1000
G1 59 24 1000
G1 51 15 1000
G1 45 9 1000
G1 40 3 1000
G1 36 -1 1000
G1 33 -4 1000
G1 31 -7 1000
G1 29 -9 1000
G1 27 -11 1000
G1 26 -12 1000
G1 24 -13 1000
G1 23 -14 1000
G1 23 -15 1000
G1 22 -16 1000
G1 42 -34 1000
G1 60 -54 1000
G1 57 -57 1000
G1 72 -76 1000
G1 51 -57 1000
G1 16 -18 1000
G1 14 -16 1000
G1 10 -12 1000
G1 4 -4 1000
G1 -5 6 1000
G1 -11 13 1000
G1 -14 16 1000
G1 -16 18 1000
G1 -16 19 1000
G1 -68 80 1000
G1 -34 42 1000
G1 -32 42 1000
G1 -32 44 1000
G1 -15 22 1000
G1 -15 23 1000
G1 -14 23 1000
G1 -14 24 1000
G1 -13 24 1000
G1 -12 25 1000
G1 -11 25 1000
G1 -10 26 1000
G1 -9 27 1000
G1 -7 29 1000
G1 -5 30 1000
G1 -2 32 1000
G1 1 34 1000
G1 5 37 1000
G1 9 40 1000
G1 16 45 1000
G1 23 51 1000
G1 33 58 1000
G1 46 67 1000
G1 62 77 1000
G1 80 88 1000
G1 98 99 1000
G1 111 104 1000
G1 116 101 1000
G1 112 90 1000
G1 101 74 1000
G1 88 57 1000
G1 75 42 1000
G1 64 29 1000
G1 55 19 1000
G1 48 12 1000
G1 42 6 1000
G1 38 1 1000
G1 35 -3 1000
G1 32 -6 1000
G1 30 -8 1000
G1 28 -10 1000
G1 26 -12 1000
G1 25 -13 1000
G1 24 -14 1000
G1 23 -15 1000
G1 44 -32 1000
G1 42 -34 1000
G1 40 -36 1000
G1 76 -76 1000
G1 72 -76 1000
G1 34 -38 1000
G1 16 -18 1000
G1 15 -17 1000
G1 13 -14 1000
G1 7 -8 1000
G1 -1 1 1000
G1 -9 10 1000
G1 -13 15 1000
G1 -15 17 1000
G1 -16 19 1000
G1 -17 19 1000
G1 -51 60 1000
G1 -51 63 1000
G1 -16 21 1000
G1 -32 44 1000
G1 -30 44 1000
G1 -28 46 1000
G1 -13 24 1000
G1 -12 24 1000
G1 -12 25 1000
G1 -10 26 1000
G1 -9 27 1000
G1 -8 28 1000
G1 -6 29 1000
G1 -4 31 1000
G1 -1 33 1000
G1 3 36 1000
G1 7 39 1000
G1 12 43 1000
G1 19 48 1000
G1 28 54 1000
G1 40 62 1000
G1 54 72 1000
G1 71 83 1000
G1 89 94 1000
G1 105 102 1000
G1 115 103 1000
G1 115 96 1000
G1 107 82 1000
G1 94 65 1000
G1 81 49 1000
G1 69 35 1000
G1 59 24 1000
G1 51 15 1000
G1 45 9 1000
G1 40 3 1000
G1 36 -1 1000
G1 33 -4 1000
G1 31 -7 1000
G1 29 -9 1000
G1 27 -11 1000
G1 26 -12 1000
G1 24 -13 1000
G1 23 -14 1000
G1 23 -15 1000
G1 22 -16 1000
G1 42 -34 1000
G1 60 -54 1000
G1 57 -57 1000
G1 72 -76 1000
G1 51 -57 1000
G1 16 -18 1000
G1 14 -16 1000
G1 10 -12 1000
G1 3 -4 1000
G1 -5 6 1000
G1 -11 13 1000
G1 -14 17 1000
G1 -16 18 1000
G1 -16 19 1000
G1 -68 80 1000
G1 -34 42 1000
G1 -32 42 1000
G1 -32 44 1000
G1 -15 22 1000
G1 -15 23 1000
G1 -14 23 1000
G1 -14 24 1000
G1 -13 24 1000
G1 -12 25 1000
G1 -11 25 1000
G1 -10 26 1000
G1 -8 27 1000
G1 -7 29 1000
G1 -5 30 1000
G1 -2 32 1000
G1 1 34 1000
G1 5 37 1000
G1 10 41 1000
G1 16 45 1000
G1 24 51 1000
G1 34 58 1000
G1 46 67 1000
G1 62 77 1000
G1 80 89 1000
G1 98 99 1000
G1 111 104 1000
G1 116 101 1000
G1 112 89 1000
G1 101 73 1000
G1 87 56 1000
G1 74 41 1000
G1 64 29 1000
G1 55 19 1000
G1 48 12 1000
G1 42 6 1000
G1 38 1 1000
G1 35 -3 1000
G1 32 -6 1000
G1 30 -8 1000
G1 28 -10 1000
G1 26 -12 1000
G1 25 -13 1000
G1 24 -14 1000
G1 23 -15 1000
G1 44 -32 1000
G1 42 -34 1000
G1 40 -36 1000
G1 76 -76 1000
G1 72 -76 1000
G1 34 -38 1000
G1 16 -18 1000
G1 15 -17 1000
G1 12 -14 1000
G1 7 -8 1000
G1 -1 1 1000
G1 -9 10 1000
G1 -13 15 1000
G1 -15 18 1000
G1 -16 19 1000
G1 -17 19 1000
G1 -51 60 1000
G1 -51 63 1000
G1 -16 21 1000
G1 -32 44 1000
G1 -30 44 1000
G1 -28 46 1000
G1 -13 24 1000
G1 -12 24 1000
G1 -12 25 1000
G1 -10 26 1000
G1 -9 27 1000
G1 -8 28 1000
G1 -6 29 1000
G1 -4 31 1000
G1 -1 33 1000
G1 3 36 1000
G1 7 39 1000
G1 12 43 1000
G1 19 48 1000
G1 28 54 1000
G1 40 62 1000
G1 54 72 1000
G1 71 83 1000
G1 89 94 1000
G1 106 102 1000
G1 115 103 1000
G1 115 96 1000
G1 107 81 1000
G1 94 64 1000
G1 80 48 1000
G1 69 35 1000
G1 59 24 1000
G1 51 15 1000
G1 45 8 1000
G1 40 3 1000
G1 36 -1 1000
G1 33 -4 1000
G1 31 -7 1000
G1 29 -9 1000
G1 27 -11 1000
G1 26 -12 1000
G1 24 -13 1000
G1 23 -14 1000
G1 23 -15 1000
G1 22 -16 1000
G1 42 -34 1000
G1 60 -54 1000
G1 57 -57 1000
G1 72 -76 1000
G1 51 -57 1000
G1 16 -18 1000
G1 14 -16 1000
G1 10 -12 1000
G1 3 -4 1000
G1 -6 6 1000
G1 -12 13 1000
G1 -14 17 1000
G1 -16 18 1000
G1 -16 19 1000
G1 -68 80 1000
G1 -34 42 1000
G1 -32 42 1000
G1 -32 44 1000
G1 -15 22 1000
G1 -15 23 1000
G1 -14 23 1000
G1 -14 24 1000
G1 -13 24 1000
G1 -12 25 1000
G1 -11 25 1000
G1 -10 26 1000
G1 -8 27 1000
G1 -7 29 1000
G1 -5 30 1000
G1 -2 32 1000
G1 1 34 1000
G1 5 37 1000
G1 10 41 1000
G1 16 45 1000
G1 24 51 1000
G1 34 58 1000
G1 47 67 1000
G1 63 78 1000
G1 81 89 1000
G1 98 99 1000
G1 112 104 1000
G1 116 100 1000
G1 111 89 1000
G1 100 73 1000
G1 87 56 1000
G1 74 41 1000
G1 63 29 1000
G1 55 19 1000
G1 48 11 1000
G1 42 6 1000
G1 38 1 1000
G1 34 -3 1000
G1 32 -6 1000
G1 30 -8 1000
G1 28 -10 1000
G1 26 -12 1000
G1 25 -13 1000
G1 24 -14 1000
G1 23 -15 1000
G1 44 -32 1000
G1 42 -34 1000
G1 40 -36 1000
G1 76 -76 1000
G1 72 -76 1000
G1 34 -38 1000
G1 16 -18 1000
G1 15 -17 1000
G1 12 -14 1000
G1 7 -8 1000
G1 -1 2 1000
G1 -9 10 1000
G1 -13 15 1000
G1 -15 18 1000
G1 -16 19 1000
G1 -17 19 1000
G1 -51 60 1000
G1 -51 63 1000
G1 -16 21 1000
G1 -32 44 1000
G1 -30 44 1000
G1 -28 46 1000
G1 -13 24 1000
G1 -12 24 1000
G1 -12 25 1000
G1 -10 26 1000
G1 -9 27 1000
G1 -8 28 1000
G1 -6 29 1000
G1 -3 31 1000
G1 -1 33 1000
G1 3 36 1000
G1 7 39 1000
G1 13 43 1000
G1 20 48 1000
G1 29 54 1000
G1 40 62 1000
G1 55 72 1000
G1 72 83 1000
G1 90 95 1000
G1 106 102 1000
G1 115 103 1000
G1 115 95 1000
G1 106 81 1000
G1 93 64 1000
G1 80 48 1000
G1 68 34 1000
G1 59 23 1000
G1 51 15 1000
G1 45 8 1000
G1 40 3 1000
G1 36 -1 1000
G1 33 -4 1000
G1 31 -7 1000
G1 29 -9 1000
G1 27 -11 1000
G1 26 -12 1000
G1 24 -13 1000
G1 46 -30 1000
G1 22 -16 1000
G1 42 -34 1000
G1 60 -54 1000
G1 57 -57 1000
G1 72 -76 1000
G1 51 -57 1000
G1 16 -18 1000
G1 14 -16 1000
G1 10 -11 1000
G1 3 -3 1000
G1 -6 7 1000
G1 -12 13 1000
G1 -14 17 1000
G1 -16 18 1000
G1 -16 19 1000
G1 -68 80 1000
G1 -34 42 1000
G1 -32 42 1000
G1 -32 44 1000
G1 -15 22 1000
G1 -15 23 1000
G1 -14 23 1000
G1 -14 24 1000
G1 -13 24 1000
G1 -12 25 1000
G1 -11 26 1000
G1 -10 26 1000
G1 -8 27 1000
G1 -7 29 1000
G1 -5 30 1000
G1 -2 32 1000
G1 1 34 1000
G1 5 37 1000
G1 10 41 1000
G1 16 45 1000
G1 24 51 1000
G1 34 58 1000
G1 47 67 1000
G1 63 78 1000
G1 81 89 1000
G1 99 99 1000
G1 112 104 1000
G1 116 100 1000
G1 111 88 1000
G1 100 72 1000
G1 87 56 1000
G1 74 41 1000
G1 63 29 1000
G1 54 19 1000
G1 47 11 1000
G1 42 5 1000
G1 38 1 1000
G1 34 -3 1000
G1 32 -6 1000
G1 29 -8 1000
G1 28 -10 1000
G1 26 -12 1000
G1 25 -13 1000
G1 24 -14 1000
G1 23 -15 1000
G1 44 -32 1000
G1 42 -34 1000
G1 40 -36 1000
G1 76 -76 1000
G1 72 -76 1000
G1 34 -38 1000
G1 16 -18 1000
G1 15 -17 1000
G1 12 -14 1000
G1 7 -8 1000
G1 -2 2 1000
G1 -9 11 1000
G1 -13 15 1000
G1 -15 18 1000
G1 -16 19 1000
G1 -17 19 1000
G1 -51 60 1000
G1 -51 63 1000
G1 -16 21 1000
G1 -32 44 1000
G1 -30 44 1000
G1 -28 46 1000
G1 -13 24 1000
G1 -12 24 1000
G1 -11 25 1000
G1 -10 26 1000
G1 -9 27 1000
G1 -8 28 1000
G1 -6 29 1000
G1 -3 31 1000
G1 -1 33 1000
G1 3 36 1000
G1 7 39 1000
G1 13 43 1000
G1 20 48 1000
G1 29 55 1000
G1 40 63 1000
G1 55 73 1000
G1 72 84 1000
G1 90 95 1000
G1 106 102 1000
G1 115 103 1000
G1 115 95 1000
G1 106 81 1000
G1 93 64 1000
G1 80 48 1000
G1 68 34 1000
G1 58 23 1000
G1 51 15 1000
G1 45 8 1000
G1 40 3 1000
G1 36 -1 1000
G1 33 -4 1000
G1 30 -7 1000
G1 28 -9 1000
G1 27 -11 1000
G1 26 -12 1000
G1 24 -14 1000
G1 46 -30 1000
G1 22 -16 1000
G1 42 -34 1000
G1 60 -54 1000
G1 57 -57 1000
G1 72 -76 1000
G1 51 -57 1000
G1 16 -18 1000
G1 14 -16 1000
G1 10 -11 1000
G1 3 -3 1000
G1 -6 7 1000
G1 -12 13 1000
G1 -15 17 1000
G1 -16 18 1000
G1 -16 19 1000
G1 -51 60 1000
G1 -51 63 1000
G1 -32 42 1000
G1 -32 44 1000
G1 -15 22 1000
G1 -15 23 1000
G1 -14 23 1000
G1 -14 24 1000
G1 -13 24 1000
G1 -12 25 1000
G1 -11 26 1000
G1 -10 26 1000
G1 -8 27 1000
G1 -7 29 1000
G1 -5 30 1000
G1 -2 32 1000
G1 1 34 1000
G1 5 37 1000
G1 10 41 1000
G1 16 45 1000
G1 24 51 1000
G1 35 58 1000
G1 48 67 1000
G1 63 78 1000
G1 81 90 1000
G1 99 99 1000
G1 112 104 1000
G1 116 100 1000
G1 111 88 1000
G1 100 72 1000
G1 86 55 1000
G1 74 40 1000
G1 63 28 1000
G1 54 19 1000
G1 47 11 1000
G1 42 5 1000
G1 38 1 1000
G1 34 -3 1000
G1 32 -6 1000
G1 29 -8 1000
G1 28 -10 1000
G1 26 -12 1000
G1 25 -13 1000
G1 24 -14 1000
G1 23 -15 1000
G1 44 -32 1000
G1 42 -34 1000
G1 40 -36 1000
G1 76 -76 1000
G1 72 -76 1000
G1 34 -38 1000
G1 16 -18 1000
G1 15 -17 1000
G1 12 -14 1000
G1 7 -8 1000
G1 -2 2 1000
G1 -9 11 1000
G1 -13 15 1000
G1 -15 18 1000
G1 -16 19 1000
G1 -17 19 1000
G1 -51 60 1000
G1 -51 63 1000
G1 -16 21 1000
G1 -32 44 1000
G1 -30 44 1000
G1 -28 46 1000
G1 -13 24 1000
G1 -12 24 1000
G1 -11 25 1000
G1 -10 26 1000
G1 -9 27 1000
G1 -8 28 1000
G1 -6 29 1000
G1 -3 31 1000
G1 -1 33 1000
G1 3 36 1000
G1 7 39 1000
G1 13 43 1000
G1 20 48 1000
G1 29 55 1000
G1 41 63 1000
G1 55 73 1000
G1 72 84 1000
G1 91 95 1000
G1 107 103 1000
G1 115 103 1000
G1 115 95 1000
G1 106 80 1000
G1 93 63 1000
G1 80 47 1000
G1 68 34 1000
G1 58 23 1000
G1 50 15 1000
G1 44 8 1000
G1 40 3 1000
G1 36 -1 1000
G1 33 -4 1000
G1 30 -7 1000
G1 28 -9 1000
G1 27 -11 1000
G1 25 -12 1000
G1 24 -14 1000
G1 46 -30 1000
G1 22 -16 1000
G1 42 -34 1000
G1 60 -54 1000
G1 57 -57 1000
G1 72 -76 1000
G1 34 -38 1000
G1 16 -19 1000
G1 16 -18 1000
G1 14 -16 1000
G1 10 -11 1000
G1 3 -3 1000
G1 -18 21 1000
G1 -15 17 1000
G1 -16 18 1000
G1 -16 19 1000
G1 -51 60 1000
G1 -51 63 1000
G1 -32 42 1000
G1 -32 44 1000
G1 -15 22 1000
G1 -15 23 1000
G1 -14 23 1000
G1 -14 24 1000
G1 -13 24 1000
G1 -12 25 1000
G1 -11 26 1000
G1 -10 26 1000
G1 -8 28 1000
G1 -7 29 1000
G1 -5 30 1000
G1 -2 32 1000
G1 1 34 1000
G1 5 37 1000
G1 10 41 1000
G1 16 46 1000
G1 24 51 1000
G1 35 59 1000
G1 48 68 1000
G1 64 78 1000
G1 82 90 1000
G1 99 100 1000
G1 112 104 1000
G1 116 100 1000
G1 111 88 1000
G1 99 71 1000
G1 86 55 1000
G1 73 40 1000
G1 63 28 1000
G1 54 18 1000
G1 47 11 1000
G1 42 5 1000
G1 38 1 1000
G1 34 -3 1000
G1 32 -6 1000
G1 29 -8 1000
G1 28 -10 1000
G1 26 -12 1000
G1 25 -13 1000
G1 24 -14 1000
G1 23 -15 1000
G1 44 -32 1000
G1 21 -17 1000
G1 21 -18 1000
G1 40 -36 1000
G1 76 -76 1000
G1 72 -76 1000
G1 34 -38 1000
G1 16 -18 1000
G1 15 -17 1000
G1 12 -14 1000
G1 7 -7 1000
G1 -2 2 1000
G1 -10 11 1000
G1 -13 15 1000
G1 -15 18 1000
G1 -16 19 1000
G1 -17 19 1000
G1 -51 60 1000
G1 -51 63 1000
G1 -16 21 1000
G1 -32 44 1000
G1 -30 44 1000
G1 -28 46 1000
G1 -13 24 1000
G1 -12 24 1000
G1 -11 25 1000
G1 -10 26 1000
G1 -9 27 1000
G1 -7 28 1000
G1 -6 30 1000
G1 -3 31 1000
G1 0 33 1000
G1 3 36 1000
G1 7 39 1000
G1 13 43 1000
G1 20 48 1000
G1 29 55 1000
G1 41 63 1000
G1 56 73 1000
G1 73 84 1000
G1 91 95 1000
G1 107 103 1000
G1 116 103 1000
G1 115 94 1000
G1 105 80 1000
G1 92 63 1000
G1 79 47 1000
G1 68 34 1000
G1 58 23 1000
G1 50 14 1000
G1 44 8 1000
G1 40 3 1000
G1 36 -1 1000
G1 33 -5 1000
G1 30 -7 1000
G1 28 -9 1000
G1 27 -11 1000
G1 25 -12 1000
G1 24 -14 1000
G1 46 -30 1000
G1 22 -16 1000
G1 42 -34 1000
G1 60 -54 1000
G1 57 -57 1000
G1 72 -76 1000
G1 34 -38 1000
G1 16 -19 1000
G1 16 -18 1000
G1 14 -16 1000
G1 10 -11 1000
G1 2 -3 1000
G1 -18 21 1000
G1 -15 17 1000
G1 -16 18 1000
G1 -16 19 1000
G1 -51 60 1000
G1 -51 63 1000
G1 -32 42 1000
G1 -32 44 1000
G1 -15 22 1000
G1 -15 23 1000
G1 -14 23 1000
G1 -14 24 1000
G1 -13 24 1000
G1 -12 25 1000
G1 -11 26 1000
G1 -10 26 1000
G1 -8 28 1000
G1 -7 29 1000
G1 -4 30 1000
G1 -2 32 1000
G1 1 35 1000
G1 5 37 1000
G1 10 41 1000
G1 17 46 1000
G1 25 51 1000
G1 35 59 1000
G1 48 68 1000
G1 64 79 1000
G1 82 90 1000
G1 100 100 1000
G1 112 104 1000
G1 116 100 1000
G1 111 87 1000
G1 99 71 1000
G1 86 54 1000
G1 73 40 1000
G1 62 28 1000
G1 54 18 1000
G1 47 11 1000
G1 42 5 1000
G1 38 1 1000
G1 34 -3 1000
G1 31 -6 1000
G1 29 -8 1000
G1 28 -10 1000
G1 26 -12 1000
G1 25 -13 1000
G1 24 -14 1000
G1 23 -15 1000
G1 44 -32 1000
G1 21 -17 1000
G1 21 -18 1000
G1 40 -36 1000
G1 76 -76 1000
G1 72 -76 1000
G1 34 -38 1000
G1 16 -18 1000
G1 15 -17 1000
G1 18 -21 1000
G1 -2 3 1000
G1 -10 11 1000
G1 -14 16 1000
G1 -15 18 1000
G1 -16 19 1000
G1 -17 19 1000
G1 -51 60 1000
G1 -51 63 1000
G1 -16 21 1000
G1 -32 44 1000
G1 -15 22 1000
G1 -15 23 1000
G1 -28 46 1000
G1 -13 24 1000
G1 -12 24 1000
G1 -11 25 1000
G1 -10 26 1000
G1 -9 27 1000
G1 -7 28 1000
G1 -6 30 1000
G1 -3 31 1000
G1 0 33 1000
G1 3 36 1000
G1 8 39 1000
G1 13 43 1000
G1 20 48 1000
G1 30 55 1000
G1 41 63 1000
G1 56 73 1000
G1 73 85 1000
G1 92 95 1000
G1 107 103 1000
G1 116 103 1000
G1 114 94 1000
G1 105 79 1000
G1 92 62 1000
G1 79 47 1000
G1 67 33 1000
G1 58 23 1000
G1 50 14 1000
G1 44 8 1000
G1 39 3 1000
G1 36 -1 1000
G1 33 -5 1000
G1 30 -7 1000
G1 28 -9 1000
G1 27 -11 1000
G1 25 -12 1000
G1 24 -14 1000
G1 46 -30 1000
G1 22 -16 1000
G1 42 -34 1000
G1 60 -54 1000
G1 57 -57 1000
G1 72 -76 1000
G1 34 -38 1000
G1 16 -19 1000
G1 15 -18 1000
G1 14 -15 1000
G1 10 -11 1000
G1 2 -2 1000
G1 -7 7 1000
G1 -12 14 1000
G1 -15 17 1000
G1 -16 18 1000
G1 -16 19 1000
G1 -51 60 1000
G1 -51 63 1000
G1 -32 42 1000
G1 -32 44 1000
G1 -15 22 1000
G1 -15 23 1000
G1 -14 23 1000
G1 -26 48 1000
G1 -12 25 1000
G1 -11 26 1000
G1 -10 26 1000
G1 -8 28 1000
G1 -7 29 1000
G1 -4 30 1000
G1 -2 32 1000
G1 1 35 1000
G1 5 38 1000
G1 10 41 1000
G1 17 46 1000
G1 25 52 1000
G1 35 59 1000
G1 49 68 1000
G1 65 79 1000
G1 83 90 1000
G1 100 100 1000
G1 113 104 1000
G1 116 99 1000
G1 110 87 1000
G1 99 71 1000
G1 85 54 1000
G1 73 39 1000
G1 62 27 1000
G1 54 18 1000
G1 47 11 1000
G1 42 5 1000
G1 37 0 1000
G1 34 -3 1000
G1 31 -6 1000
G1 29 -8 1000
G1 27 -10 1000
G1 26 -12 1000
G1 25 -13 1000
G1 24 -14 1000
G1 23 -15 1000
G1 44 -32 1000
G1 21 -17 1000
G1 60 -54 1000
G1 76 -76 1000
G1 72 -76 1000
G1 34 -38 1000
G1 16 -18 1000
G1 15 -17 1000
G1 18 -21 1000
G1 -3 3 1000
G1 -10 11 1000
G1 -14 16 1000
G1 -15 18 1000
G1 -16 19 1000
G1 -17 19 1000
G1 -51 60 1000
G1 -51 63 1000
G1 -16 21 1000
G1 -32 44 1000
G1 -15 22 1000
G1 -15 23 1000
G1 -28 46 1000
G1 -13 24 1000
G1 -12 24 1000
G1 -11 25 1000
G1 -10 26 1000
G1 -9 27 1000
G1 -7 28 1000
G1 -5 30 1000
G1 -3 31 1000
G1 0 33 1000
G1 3 36 1000
G1 8 39 1000
G1 13 43 1000
G1 21 49 1000
G1 30 55 1000
G1 42 64 1000
G1 57 74 1000
G1 74 85 1000
G1 92 96 1000
G1 108 103 1000
G1 116 103 1000
G1 114 94 1000
G1 105 79 1000
G1 92 62 1000
G1 79 46 1000
G1 67 33 1000
G1 57 22 1000
G1 50 14 1000
G1 44 8 1000
G1 39 2 1000
G1 36 -2 1000
G1 33 -5 1000
G1 30 -7 1000
G1 28 -9 1000
G1 27 -11 1000
G1 25 -12 1000
G1 24 -14 1000
G1 46 -30 1000
G1 22 -16 1000
G1 42 -34 1000
G1 60 -54 1000
G1 57 -57 1000
G1 72 -76 1000
G1 34 -38 1000
G1 16 -19 1000
G1 15 -17 1000
G1 14 -15 1000
G1 9 -11 1000
G1 2 -2 1000
G1 -7 8 1000
G1 -12 14 1000
G1 -15 17 1000
G1 -16 18 1000
G1 -16 19 1000
G1 -51 60 1000
G1 -51 63 1000
G1 -32 42 1000
G1 -32 44 1000
G1 -15 22 1000
G1 -15 23 1000
G1 -14 23 1000
G1 -26 48 1000
G1 -12 25 1000
G1 -11 26 1000
G1 -10 27 1000
G1 -8 28 1000
G1 -6 29 1000
G1 -4 30 1000
G1 -2 32 1000
G1 1 35 1000
G1 5 38 1000
G1 10 41 1000
G1 17 46 1000
G1 25 52 1000
G1 36 59 1000
G1 49 68 1000
G1 65 79 1000
G1 83 91 1000
G1 101 100 1000
G1 113 104 1000
G1 116 99 1000
G1 110 87 1000
G1 98 70 1000
G1 85 54 1000
G1 72 39 1000
G1 62 27 1000
G1 53 18 1000
G1 47 11 1000
G1 41 5 1000
G1 37 0 1000
G1 34 -3 1000
G1 31 -6 1000
G1 29 -8 1000
G1 27 -10 1000
G1 26 -12 1000
G1 25 -13 1000
G1 24 -14 1000
G1 23 -15 1000
G1 44 -32 1000
G1 21 -17 1000
G1 60 -54 1000
G1 76 -76 1000
G1 72 -76 1000
G1 34 -38 1000
G1 16 -18 1000
G1 15 -17 1000
G1 12 -13 1000
G1 6 -7 1000
G1 -3 3 1000
G1 -10 11 1000
G1 -14 16 1000
G1 -15 18 1000
G1 -16 19 1000
G1 -17 19 1000
G1 -51 60 1000
G1 -51 63 1000
G1 -16 21 1000
G1 -32 44 1000
G1 -15 22 1000
G1 -15 23 1000
G1 -28 46 1000
G1 -13 24 1000
G1 -12 25 1000
G1 -11 25 1000
G1 -10 26 1000
G1 -9 27 1000
G1 -7 28 1000
G1 -5 30 1000
G1 -3 31 1000
G1 0 33 1000
G1 3 36 1000
G1 8 39 1000
G1 14 44 1000
G1 21 49 1000
G1 30 55 1000
G1 42 64 1000
G1 57 74 1000
G1 74 85 1000
G1 92 96 1000
G1 108 103 1000
G1 116 102 1000
G1 114 94 1000
G1 105 78 1000
G1 91 62 1000
G1 78 46 1000
G1 67 33 1000
G1 57 22 1000
G1 50 14 1000
G1 44 7 1000
G1 39 2 1000
G1 36 -2 1000
G1 33 -5 1000
G1 30 -7 1000
G1 28 -9 1000
G1 27 -11 1000
G1 25 -12 1000
G1 24 -14 1000
G1 23 -15 1000
G1 22 -15 1000
G1 22 -16 1000
G1 42 -34 1000
G1 60 -54 1000
G1 57 -57 1000
G1 72 -76 1000
G1 34 -38 1000
G1 16 -18 1000
G1 15 -17 1000
G1 13 -15 1000
G1 9 -11 1000
G1 2 -2 1000
G1 -7 8 1000
G1 -12 14 1000
G1 -15 17 1000
G1 -16 18 1000
G1 -16 19 1000
G1 -51 60 1000
G1 -51 63 1000
G1 -32 42 1000
G1 -32 44 1000
G1 -15 22 1000
G1 -15 23 1000
G1 -14 23 1000
G1 -26 48 1000
G1 -12 25 1000
G1 -11 26 1000
G1 -10 27 1000
G1 -8 28 1000
G1 -6 29 1000
G1 -4 30 1000
G1 -2 32 1000
G1 2 35 1000
G1 6 38 1000
G1 11 41 1000
G1 17 46 1000
G1 25 52 1000
G1 36 59 1000
G1 49 69 1000
G1 66 80 1000
G1 84 91 1000
G1 101 100 1000
G1 113 104 1000
G1 116 99 1000
G1 110 86 1000
G1 98 70 1000
G1 85 53 1000
G1 72 39 1000
G1 62 27 1000
G1 53 18 1000
G1 47 10 1000
G1 41 5 1000
G1 37 0 1000
G1 34 -3 1000
G1 31 -6 1000
G1 29 -8 1000
G1 27 -10 1000
G1 26 -12 1000
G1 25 -13 1000
G1 24 -14 1000
G1 23 -15 1000
G1 22 -16 1000
G1 42 -34 1000
G1 60 -54 1000
G1 76 -76 1000
G1 72 -76 1000
G1 34 -38 1000
G1 16 -18 1000
G1 15 -17 1000
G1 12 -13 1000
G1 6 -7 1000
G1 -3 3 1000
G1 -10 12 1000
G1 -14 16 1000
G1 -15 18 1000
G1 -16 19 1000
G1 -17 19 1000
G1 -51 60 1000
G1 -34 42 1000
G1 -32 42 1000
G1 -32 44 1000
G1 -15 22 1000
G1 -15 23 1000
G1 -28 46 1000
G1 -13 24 1000
G1 -12 25 1000
G1 -11 25 1000
G1 -10 26 1000
G1 -9 27 1000
G1 -7 28 1000
G1 -5 30 1000
G1 -3 31 1000
G1 0 34 1000
G1 3 36 1000
G1 8 39 1000
G1 14 44 1000
G1 21 49 1000
G1 30 56 1000
G1 42 64 1000
G1 57 74 1000
G1 75 85 1000
G1 93 96 1000
G1 108 103 1000
G1 116 102 1000
G1 114 93 1000
G1 104 78 1000
G1 91 61 1000
G1 78 46 1000
G1 66 32 1000
G1 57 22 1000
G1 50 14 1000
G1 44 7 1000
G1 39 2 1000
G1 35 -2 1000
G1 33 -5 1000
G1 30 -7 1000
G1 28 -9 1000
G1 27 -11 1000
G1 25 -13 1000
G1 24 -14 1000
G1 23 -15 1000
G1 22 -15 1000
G1 22 -16 1000
G1 42 -34 1000
G1 60 -54 1000
G1 57 -57 1000
G1 72 -76 1000
G1 34 -38 1000
G1 16 -18 1000
G1 15 -17 1000
G1 13 -15 1000
G1 9 -10 1000
G1 1 -2 1000
G1 -7 8 1000
G1 -12 14 1000
G1 -15 17 1000
G1 -16 18 1000
G1 -16 19 1000
G1 -51 60 1000
G1 -51 63 1000
G1 -32 42 1000
G1 -32 44 1000
G1 -15 22 1000
G1 -15 23 1000
G1 -14 23 1000
G1 -26 48 1000
G1 -12 25 1000
G1 -11 26 1000
G1 -10 27 1000
G1 -8 28 1000
G1 -6 29 1000
G1 -4 31 1000
G1 -2 32 1000
G1 2 35 1000
G1 6 38 1000
G1 11 41 1000
G1 17 46 1000
G1 26 52 1000
G1 36 60 1000
G1 50 69 1000
G1 66 80 1000
G1 84 91 1000
G1 101 100 1000
G1 113 104 1000
G1 116 99 1000
G1 110 86 1000
G1 98 69 1000
G1 84 53 1000
G1 72 38 1000
G1 61 27 1000
G1 53 17 1000
G1 46 10 1000
G1 41 5 1000
G1 37 0 1000
G1 34 -3 1000
G1 31 -6 1000
G1 29 -8 1000
G1 27 -10 1000
G1 26 -12 1000
G1 25 -13 1000
G1 24 -14 1000
G1 23 -15 1000
G1 22 -16 1000
G1 42 -34 1000
G1 60 -54 1000
G1 76 -76 1000
G1 72 -76 1000
G1 34 -38 1000
G1 16 -18 1000
G1 15 -16 1000
G1 12 -13 1000
G1 6 -6 1000
G1 -3 4 1000
G1 -10 12 1000
G1 -14 16 1000
G1 -15 18 1000
G1 -16 19 1000
G1 -17 19 1000
G1 -51 60 1000
G1 -34 42 1000
G1 -32 42 1000
G1 -32 44 1000
G1 -15 22 1000
G1 -15 23 1000
G1 -28 46 1000
G1 -13 24 1000
G1 -12 25 1000
G1 -11 25 1000
G1 -10 26 1000
G1 -9 27 1000
G1 -7 28 1000
G1 -5 30 1000
G1 -3 31 1000
G1 0 34 1000
G1 4 36 1000
G1 8 40 1000
G1 14 44 1000
G1 21 49 1000
G1 31 56 1000
G1 43 64 1000
G1 58 74 1000
G1 75 86 1000
G1 93 96 1000
G1 108 103 1000
G1 116 102 1000
G1 114 93 1000
G1 104 78 1000
G1 91 61 1000
G1 78 45 1000
G1 66 32 1000
G1 57 22 1000
G1 49 13 1000
G1 44 7 1000
G1 39 2 1000
G1 35 -2 1000
G1 32 -5 1000
G1 30 -7 1000
G1 28 -9 1000
G1 27 -11 1000
G1 25 -13 1000
G1 24 -14 1000
G1 23 -15 1000
G1 44 -32 1000
G1 42 -34 1000
G1 40 -36 1000
G1 19 -18 1000
G1 57 -57 1000
G1 72 -76 1000
G1 34 -38 1000
G1 16 -18 1000
G1 15 -17 1000
G1 13 -15 1000
G1 9 -10 1000
G1 1 -1 1000
G1 -7 8 1000
G1 -12 14 1000
G1 -15 17 1000
G1 -16 18 1000
G1 -16 19 1000
G1 -51 60 1000
G1 -51 63 1000
G1 -32 42 1000
G1 -16 22 1000
G1 -30 44 1000
G1 -15 23 1000
G1 -14 23 1000
G1 -26 48 1000
G1 -12 25 1000
G1 -11 26 1000
G1 -10 27 1000
G1 -8 28 1000
G1 -6 29 1000
G1 -4 31 1000
G1 -2 32 1000
G1 2 35 1000
G1 6 38 1000
G1 11 42 1000
G1 17 46 1000
G1 26 52 1000
G1 37 60 1000
G1 50 69 1000
G1 66 80 1000
G1 85 91 1000
G1 102 101 1000
G1 113 104 1000
G1 116 98 1000
G1 109 86 1000
G1 97 69 1000
G1 84 52 1000
G1 72 38 1000
G1 61 26 1000
G1 53 17 1000
G1 46 10 1000
G1 41 4 1000
G1 37 0 1000
G1 34 -3 1000
G1 31 -6 1000
G1 29 -9 1000
G1 27 -10 1000
G1 26 -12 1000
G1 25 -13 1000
G1 24 -14 1000
G1 23 -15 1000
G1 22 -16 1000
G1 42 -34 1000
G1 60 -54 1000
G1 76 -76 1000
G1 72 -76 1000
G1 34 -38 1000
G1 16 -18 1000
G1 14 -16 1000
G1 11 -13 1000
G1 5 -6 1000
G1 -3 4 1000
G1 -10 12 1000
G1 -14 16 1000
G1 -15 18 1000
G1 -16 19 1000
G1 -17 19 1000
G1 -51 60 1000
G1 -34 42 1000
G1 -32 42 1000
G1 -32 44 1000
G1 -15 22 1000
G1 -15 23 1000
G1 -28 46 1000
G1 -13 24 1000
G1 -12 25 1000
G1 -11 25 1000
G1 -10 26 1000
G1 -9 27 1000
G1 -7 28 1000
G1 -5 30 1000
G1 -3 32 1000
G1 0 34 1000
G1 4 36 1000
G1 8 40 1000
G1 14 44 1000
G1 21 49 1000
G1 31 56 1000
G1 43 64 1000
G1 58 75 1000
G1 76 86 1000
G1 94 97 1000
G1 109 103 1000
G1 116 102 1000
G1 114 93 1000
G1 104 77 1000
G1 90 60 1000
G1 77 45 1000
G1 66 32 1000
G1 57 21 1000
G1 49 13 1000
G1 44 7 1000
G1 39 2 1000
G1 35 -2 1000
G1 32 -5 1000
G1 30 -7 1000
G1 28 -10 1000
G1 27 -11 1000
G1 25 -13 1000
G1 24 -14 1000
G1 23 -15 1000
G1 44 -32 1000
G1 42 -34 1000
G1 40 -36 1000
G1 19 -18 1000
G1 57 -57 1000
G1 72 -76 1000
G1 34 -38 1000
G1 16 -18 1000
G1 15 -17 1000
G1 13 -15 1000
G1 9 -10 1000
G1 1 -1 1000
G1 -7 8 1000
G1 -12 14 1000
G1 -15 17 1000
G1 -16 18 1000
G1 -16 19 1000
G1 -51 60 1000
G1 -51 63 1000
G1 -32 42 1000
G1 -16 22 1000
G1 -30 44 1000
G1 -15 23 1000
G1 -14 23 1000
G1 -26 48 1000
G1 -12 25 1000
G1 -11 26 1000
G1 -10 27 1000
G1 -8 28 1000
G1 -6 29 1000
G1 -4 31 1000
G1 -1 33 1000
G1 2 35 1000
G1 6 38 1000
G1 11 42 1000
G1 18 46 1000
G1 26 52 1000
G1 37 60 1000
G1 50 69 1000
G1 67 80 1000
G1 85 92 1000
G1 102 101 1000
G1 114 104 1000
G1 116 98 1000
G1 109 85 1000
G1 97 69 1000
G1 84 52 1000
G1 71 38 1000
G1 61 26 1000
G1 53 17 1000
G1 46 10 1000
G1 41 4 1000
G1 37 0 1000
G1 34 -4 1000
G1 31 -6 1000
G1 29 -9 1000
G1 27 -10 1000
G1 26 -12 1000
G1 25 -13 1000
G1 24 -14 1000
G1 23 -15 1000
G1 22 -16 1000
G1 42 -34 1000
G1 60 -54 1000
G1 76 -76 1000
G1 72 -76 1000
G1 34 -38 1000
G1 16 -18 1000
G1 14 -16 1000
G1 11 -13 1000
G1 5 -6 1000
G1 -4 4 1000
G1 -10 12 1000
G1 -14 16 1000
G1 -15 18 1000
G1 -16 19 1000
G1 -17 19 1000
G1 -51 60 1000
G1 -34 42 1000
G1 -32 42 1000
G1 -32 44 1000
G1 -15 22 1000
G1 -15 23 1000
G1 -28 46 1000
G1 -13 24 1000
G1 -12 25 1000
G1 -11 25 1000
G1 -10 26 1000
G1 -9 27 1000
G1 -7 28 1000
G1 -5 30 1000
G1 -3 32 1000
G1 0 34 1000
G1 4 36 1000
G1 8 40 1000
G1 14 44 1000
G1 22 49 1000
G1 31 56 1000
G1 43 65 1000
G1 58 75 1000
G1 76 86 1000
G1 94 97 1000
G1 109 103 1000
G1 116 102 1000
G1 113 92 1000
G1 103 77 1000
G1 90 60 1000
G1 77 44 1000
G1 66 32 1000
G1 56 21 1000
G1 49 13 1000
G1 43 7 1000
G1 39 2 1000
G1 35 -2 1000
G1 32 -5 1000
G1 30 -8 1000
G1 28 -10 1000
G1 27 -11 1000
G1 25 -13 1000
G1 24 -14 1000
G1 23 -15 1000
G1 44 -32 1000
G1 42 -34 1000
G1 40 -36 1000
G1 19 -18 1000
G1 57 -57 1000
G1 72 -76 1000
G1 34 -38 1000
G1 16 -18 1000
G1 15 -17 1000
G1 13 -15 1000
G1 9 -10 1000
G1 1 -1 1000
G1 -8 9 1000
G1 -13 14 1000
G1 -15 17 1000
G1 -16 18 1000
G1 -17 19 1000
G1 -51 60 1000
G1 -51 63 1000
G1 -32 42 1000
G1 -16 22 1000
G1 -30 44 1000
G1 -15 23 1000
G1 -14 23 1000
G1 -26 48 1000
G1 -12 25 1000
G1 -11 26 1000
G1 -9 27 1000
G1 -8 28 1000
G1 -6 29 1000
G1 -4 31 1000
G1 -1 33 1000
G1 2 35 1000
G1 6 38 1000
G1 11 42 1000
G1 18 47 1000
G1 26 53 1000
G1 37 60 1000
G1 51 70 1000
G1 67 81 1000
G1 85 92 1000
G1 103 101 1000
G1 114 104 1000
G1 116 98 1000
G1 109 85 1000
G1 97 68 1000
G1 83 52 1000
G1 71 37 1000
G1 61 26 1000
G1 53 17 1000
G1 46 10 1000
G1 41 4 1000
G1 37 0 1000
G1 34 -4 1000
G1 31 -6 1000
G1 29 -9 1000
G1 27 -10 1000
G1 26 -12 1000
G1 25 -13 1000
G1 24 -14 1000
G1 23 -15 1000
G1 22 -16 1000
G1 42 -34 1000
G1 60 -54 1000
G1 76 -76 1000
G1 72 -76 1000
G1 34 -38 1000
G1 16 -18 1000
G1 14 -16 1000
G1 11 -13 1000
G1 5 -6 1000
G1 -4 4 1000
G1 -11 12 1000
G1 -14 16 1000
G1 -16 18 1000
G1 -16 19 1000
G1 -68 80 1000
G1 -34 42 1000
G1 -32 42 1000
G1 -32 44 1000
G1 -15 22 1000
G1 -15 23 1000
G1 -28 46 1000
G1 -13 24 1000
G1 -12 25 1000
G1 -11 25 1000
G1 -10 26 1000
G1 -9 27 1000
G1 -7 28 1000
G1 -5 30 1000
G1 -3 32 1000
G1 0 34 1000
G1 4 36 1000
G1 8 40 1000
G1 14 44 1000
G1 22 49 1000
G1 31 56 1000
G1 44 65 1000
G1 59 75 1000
G1 77 87 1000
G1 95 97 1000
G1 109 103 1000
G1 116 102 1000
G1 113 92 1000
G1 103 76 1000
G1 90 60 1000
G1 77 44 1000
G1 65 31 1000
G1 56 21 1000
G1 49 13 1000
G1 43 7 1000
G1 39 2 1000
G1 35 -2 1000
G1 32 -5 1000
G1 30 -8 1000
G1 28 -10 1000
G1 27 -11 1000
G1 25 -13 1000
G1 24 -14 1000
G1 23 -15 1000
G1 44 -32 1000
G1 42 -34 1000
G1 40 -36 1000
G1 19 -18 1000
G1 57 -57 1000
G1 72 -76 1000
G1 34 -38 1000
G1 16 -18 1000
G1 15 -17 1000
G1 13 -15 1000
G1 9 -10 1000
G1 1 -1 1000
G1 -8 9 1000
G1 -13 14 1000
G1 -15 17 1000
G1 -16 19 1000
G1 -17 19 1000
G1 -51 60 1000
G1 -51 63 1000
G1 -32 42 1000
G1 -16 22 1000
G1 -30 44 1000
G1 -15 23 1000
G1 -14 23 1000
G1 -26 48 1000
G1 -12 25 1000
G1 -11 26 1000
G1 -9 27 1000
G1 -8 28 1000
G1 -6 29 1000
G1 -4 31 1000
G1 -1 33 1000
G1 2 35 1000
G1 6 38 1000
G1 11 42 1000
G1 18 47 1000
G1 26 53 1000
G1 37 61 1000
G1 51 70 1000
G1 68 81 1000
G1 86 92 1000
G1 103 101 1000
G1 114 104 1000
G1 116 98 1000
G1 109 84 1000
G1 96 68 1000
G1 83 51 1000
G1 71 37 1000
G1 60 26 1000
G1 52 17 1000
G1 46 10 1000
G1 41 4 1000
G1 37 0 1000
G1 34 -4 1000
G1 31 -6 1000
G1 29 -9 1000
G1 27 -10 1000
G1 26 -12 1000
G1 25 -13 1000
G1 24 -14 1000
G1 23 -15 1000
G1 22 -16 1000
G1 42 -34 1000
G1 60 -54 1000
G1 76 -76 1000
G1 72 -76 1000
G1 34 -38 1000
G1 16 -18 1000
G1 14 -16 1000
G1 11 -13 1000
G1 5 -6 1000
G1 -4 5 1000
G1 -11 12 1000
G1 -14 16 1000
G1 -16 18 1000
G1 -16 19 1000
G1 -68 80 1000
G1 -34 42 1000
G1 -32 42 1000
G1 -32 44 1000
G1 -15 22 1000
G1 -15 23 1000
G1 -28 46 1000
G1 -13 24 1000
G1 -12 25 1000
G1 -11 25 1000
G1 -10 26 1000
G1 -9 27 1000
G1 -7 28 1000
G1 -5 30 1000
G1 -3 32 1000
G1 0 34 1000
G1 4 37 1000
G1 9 40 1000
G1 15 44 1000
G1 22 50 1000
G1 32 57 1000
G1 44 65 1000
G1 59 75 1000
G1 77 87 1000
G1 95 97 1000
G1 110 103 1000
G1 116 102 1000
G1 113 92 1000
G1 103 76 1000
G1 89 59 1000
G1 76 44 1000
G1 65 31 1000
G1 56 21 1000
G1 49 13 1000
G1 43 7 1000
G1 39 2 1000
G1 35 -2 1000
G1 32 -5 1000
G1 30 -8 1000
G1 28 -10 1000
G1 26 -11 1000
G1 25 -13 1000
G1 24 -14 1000
G1 23 -15 1000
G1 44 -32 1000
G1 42 -34 1000
G1 40 -36 1000
G1 76 -76 1000
G1 72 -76 1000
G1 34 -38 1000
G1 16 -18 1000
G1 15 -17 1000
G1 13 -15 1000
G1 8 -10 1000
G1 -8 9 1000
G1 -13 15 1000
G1 -15 17 1000
G1 -16 19 1000
G1 -17 19 1000
G1 -51 60 1000
G1 -51 63 1000
G1 -32 42 1000
G1 -16 22 1000
G1 -30 44 1000
G1 -15 23 1000
G1 -14 23 1000
G1 -26 48 1000
G1 -12 25 1000
G1 -11 26 1000
G1 -9 27 1000
G1 -8 28 1000
G1 -6 29 1000
G1 -4 31 1000
G1 -1 33 1000
G1 2 35 1000
G1 6 38 1000
G1 11 42 1000
G1 18 47 1000
G1 27 53 1000
G1 38 61 1000
G1 52 70 1000
G1 68 81 1000
G1 86 92 1000
G1 103 101 1000
G1 114 104 1000
G1 116 97 1000
G1 108 84 1000
G1 96 67 1000
G1 83 51 1000
G1 70 37 1000
G1 60 25 1000
G1 52 16 1000
G1 46 9 1000
G1 41 4 1000
G1 37 0 1000
G1 34 -4 1000
G1 31 -6 1000
G1 29 -9 1000
G1 27 -11 1000
G1 26 -12 1000
G1 25 -13 1000
G1 24 -14 1000
G1 23 -15 1000
G1 22 -16 1000
G1 42 -34 1000
G1 60 -54 1000
G1 76 -76 1000
G1 72 -76 1000
G1 34 -38 1000
G1 16 -18 1000
G1 14 -16 1000
G1 11 -13 1000
G1 5 -5 1000
G1 -4 5 1000
G1 -11 12 1000
G1 -14 16 1000
G1 -16 18 1000
G1 -16 19 1000
G1 -68 80 1000
G1 -34 42 1000
G1 -32 42 1000
G1 -32 44 1000
G1 -15 22 1000
G1 -15 23 1000
G1 -28 46 1000
G1 -13 24 1000
G1 -12 25 1000
G1 -11 25 1000
G1 -10 26 1000
G1 -9 27 1000
G1 -7 28 1000
G1 -5 30 1000
G1 -3 32 1000
G1 0 34 1000
G1 4 37 1000
G1 9 40 1000
G1 15 44 1000
G1 22 50 1000
G1 32 57 1000
G1 44 65 1000
G1 60 76 1000
G1 77 87 1000
G1 95 97 1000
G1 110 103 1000
G1 116 102 1000
G1 113 91 1000
G1 102 76 1000
G1 89 59 1000
G1 76 43 1000
G1 65 31 1000
G1 56 21 1000
G1 49 13 1000
G1 43 6 1000
G1 39 2 1000
G1 35 -2 1000
G1 32 -5 1000
G1 30 -8 1000
G1 28 -10 1000
G1 26 -11 1000
G1 25 -13 1000
G1 24 -14 1000
G1 23 -15 1000
G1 44 -32 1000
G1 42 -34 1000
G1 40 -36 1000
G1 76 -76 1000
G1 72 -76 1000
G1 34 -38 1000
G1 16 -18 1000
G1 15 -17 1000
G1 13 -15 1000
G1 8 -9 1000
G1 -8 9 1000
G1 -13 15 1000
G1 -15 17 1000
G1 -16 19 1000
G1 -17 19 1000
G1 -51 60 1000
G1 -51 63 1000
G1 -32 42 1000
G1 -16 22 1000
G1 -30 44 1000
G1 -15 23 1000
G1 -14 23 1000
G1 -26 48 1000
G1 -12 25 1000
G1 -11 26 1000
G1 -9 27 1000
G1 -8 28 1000
G1 -6 29 1000
G1 -4 31 1000
G1 -1 33 1000
G1 2 35 1000
G1 6 38 1000
G1 12 42 1000
G1 18 47 1000
G1 27 53 1000
G1 38 61 1000
G1 52 70 1000
G1 69 82 1000
G1 87 93 1000
G1 104 101 1000
G1 114 104 1000
G1 116 97 1000
G1 108 84 1000
G1 96 67 1000
G1 82 51 1000
G1 70 37 1000
G1 60 25 1000
G1 52 16 1000
G1 46 9 1000
G1 41 4 1000
G1 37 0 1000
G1 33 -4 1000
G1 31 -7 1000
G1 29 -9 1000
G1 27 -11 1000
G1 26 -12 1000
G1 25 -13 1000
G1 24 -14 1000
G1 23 -15 1000
G1 22 -16 1000
G1 42 -34 1000
G1 60 -54 1000
G1 76 -76 1000
G1 72 -76 1000
G1 34 -38 1000
G1 16 -18 1000
G1 14 -16 1000
G1 11 -12 1000
G1 4 -5 1000
G1 -4 5 1000
G1 -11 12 1000
G1 -14 16 1000
G1 -16 18 1000
G1 -16 19 1000
G1 -68 80 1000
G1 -34 42 1000
G1 -32 42 1000
G1 -32 44 1000
G1 -15 22 1000
G1 -15 23 1000
G1 -28 46 1000
G1 -13 24 1000
G1 -12 25 1000
G1 -11 25 1000
G1 -10 26 1000
G1 -9 27 1000
G1 -7 28 1000
G1 -5 30 1000
G1 -3 32 1000
G1 0 34 1000
G1 4 37 1000
G1 9 40 1000
G1 15 44 1000
G1 22 50 1000
G1 32 57 1000
G1 45 66 1000
G1 60 76 1000
G1 78 87 1000
G1 96 98 1000
G1 110 103 1000
G1 116 101 1000
G1 113 91 1000
G1 102 75 1000
G1 89 58 1000
G1 76 43 1000
G1 65 30 1000
G1 56 20 1000
G1 49 12 1000
G1 43 6 1000
G1 38 2 1000
G1 35 -2 1000
G1 32 -5 1000
G1 30 -8 1000
G1 28 -10 1000
G1 26 -11 1000
G1 25 -13 1000
G1 24 -14 1000
G1 23 -15 1000
G1 44 -32 1000
G1 42 -34 1000
G1 40 -36 1000
G1 76 -76 1000
G1 72 -76 1000
G1 34 -38 1000
G1 16 -18 1000
G1 15 -17 1000
G1 13 -15 1000
G1 8 -9 1000
G1 -8 9 1000
G1 -13 15 1000
G1 -15 17 1000
G1 -16 19 1000
G1 -17 19 1000
G1 -51 60 1000
G1 -51 63 1000
G1 -32 42 1000
G1 -16 22 1000
G1 -30 44 1000
G1 -15 23 1000
G1 -14 23 1000
G1 -26 48 1000
G1 -12 25 1000
G1 -11 26 1000
G1 -9 27 1000
G1 -8 28 1000
G1 -6 29 1000
G1 -4 31 1000
G1 -1 33 1000
G1 2 35 1000
G1 6 38 1000
G1 12 42 1000
G1 19 47 1000
G1 27 53 1000
G1 38 61 1000
G1 52 71 1000
G1 69 82 1000
G1 87 93 1000
G1 104 101 1000
G1 114 103 1000
G1 116 97 1000
G1 108 83 1000
G1 95 67 1000
G1 82 50 1000
G1 70 36 1000
G1 60 25 1000
G1 52 16 1000
G1 45 9 1000
G1 40 4 1000
G1 37 -1 1000
G1 33 -4 1000
G1 31 -7 1000
G1 29 -9 1000
G1 27 -11 1000
G1 26 -12 1000
G1 25 -13 1000
G1 24 -14 1000
G1 23 -15 1000
G1 22 -16 1000
G1 42 -34 1000
G1 60 -54 1000
G1 57 -57 1000
G1 72 -76 1000
G1 51 -57 1000
G1 16 -18 1000
G1 14 -16 1000
G1 11 -12 1000
G1 4 -5 1000
G1 -5 5 1000
G1 -11 13 1000
G1 -14 16 1000
G1 -16 18 1000
G1 -16 19 1000
G1 -68 80 1000
G1 -34 42 1000
G1 -32 42 1000
G1 -32 44 1000
G1 -15 22 1000
G1 -15 23 1000
G1 -28 46 1000
G1 -13 24 1000
G1 -12 25 1000
G1 -11 25 1000
G1 -10 26 1000
G1 -9 27 1000
G1 -7 29 1000
G1 -5 30 1000
G1 -3 32 1000
G1 0 34 1000
G1 4 37 1000
G1 9 40 1000
G1 15 45 1000
G1 23 50 1000
G1 33 57 1000
G1 45 66 1000
G1 61 76 1000
G1 78 88 1000
G1 96 98 1000
G1 110 104 1000
G1 116 101 1000
G1 113 91 1000
G1 102 75 1000
G1 88 58 1000
G1 76 43 1000
G1 64 30 1000
G1 55 20 1000
G1 48 12 1000
G1 43 6 1000
G1 38 1 1000
G1 35 -2 1000
G1 32 -5 1000
G1 30 -8 1000
G1 28 -10 1000
G1 26 -11 1000
G1 25 -13 1000
G1 24 -14 1000
G1 23 -15 1000
G1 44 -32 1000
G1 42 -34 1000
G1 40 -36 1000
G1 76 -76 1000
G1 72 -76 1000
G1 34 -38 1000
G1 16 -18 1000
G1 15 -17 1000
G1 13 -15 1000
G1 8 -9 1000
G1 -8 10 1000
G1 -13 15 1000
G1 -15 17 1000
G1 -16 19 1000
G1 -17 19 1000
G1 -51 60 1000
G1 -51 63 1000
G1 -16 21 1000
G1 -32 44 1000
G1 -30 44 1000
G1 -15 23 1000
G1 -14 23 1000
G1 -26 48 1000
G1 -12 25 1000
G1 -11 26 1000
G1 -9 27 1000
G1 -8 28 1000
G1 -6 29 1000
G1 -4 31 1000
G1 -1 33 1000
G1 2 35 1000
G1 7 38 1000
G1 12 42 1000
G1 19 47 1000
G1 27 53 1000
G1 39 61 1000
G1 53 71 1000
G1 69 82 1000
G1 88 93 1000
G1 104 102 1000
G1 115 103 1000
G1 115 97 1000
G1 108 83 1000
G1 95 66 1000
G1 82 50 1000
G1 70 36 1000
G1 60 25 1000
G1 52 16 1000
G1 45 9 1000
G1 40 4 1000
G1 36 -1 1000
G1 33 -4 1000
G1 31 -7 1000
G1 29 -9 1000
G1 27 -11 1000
G1 26 -12 1000
G1 25 -13 1000
G1 24 -14 1000
G1 23 -15 1000
G1 22 -16 1000
G1 42 -34 1000
G1 60 -54 1000
G1 57 -57 1000
G1 72 -76 1000
G1 51 -57 1000
G1 16 -18 1000
G1 14 -16 1000
G1 11 -12 1000
G1 4 -5 1000
G1 -5 6 1000
G1 -11 13 1000
G1 -14 16 1000
G1 -16 18 1000
G1 -16 19 1000
G1 -68 80 1000
G1 -34 42 1000
G1 -32 42 1000
G1 -32 44 1000
G1 -15 22 1000
G1 -15 23 1000
G1 -28 46 1000
G1 -13 24 1000
G1 -12 25 1000
G1 -11 25 1000
G1 -10 26 1000
G1 -9 27 1000
G1 -7 29 1000
G1 -5 30 1000
G1 -2 32 1000
G1 1 34 1000
G1 4 37 1000
G1 9 40 1000
G1 15 45 1000
G1 23 50 1000
G1 33 57 1000
G1 45 66 1000
G1 61 77 1000
G1 79 88 1000
G1 97 98 1000
G1 111 104 1000
G1 116 101 1000
G1 112 90 1000
G1 102 74 1000
G1 88 58 1000
G1 75 42 1000
G1 64 30 1000
G1 55 20 1000
G1 48 12 1000
G1 43 6 1000
G1 38 1 1000
G1 35 -2 1000
G1 32 -5 1000
G1 30 -8 1000
G1 28 -10 1000
G1 26 -11 1000
G1 25 -13 1000
G1 24 -14 1000
G1 23 -15 1000
G1 44 -32 1000
G1 42 -34 1000
G1 40 -36 1000
G1 76 -76 1000
G1 72 -76 1000
G1 34 -38 1000
G1 16 -18 1000
G1 15 -17 1000
G1 13 -14 1000
G1 8 -9 1000
G1 -1 1 1000
G1 -9 10 1000
G1 -13 15 1000
G1 -15 17 1000
G1 -16 19 1000
G1 -17 19 1000
G1 -51 60 1000
G1 -51 63 1000
G1 -16 21 1000
G1 -32 44 1000
G1 -30 44 1000
G1 -15 23 1000
G1 -14 23 1000
G1 -26 48 1000
G1 -12 25 1000
G1 -11 26 1000
G1 -9 27 1000
G1 -8 28 1000
G1 -6 29 1000
G1 -4 31 1000
G1 -1 33 1000
G1 2 35 1000
G1 7 39 1000
G1 12 42 1000
G1 19 47 1000
G1 28 54 1000
G1 39 62 1000
G1 53 71 1000
G1 70 82 1000
G1 88 94 1000
G1 105 102 1000
G1 115 103 1000
G1 115 96 1000
G1 107 82 1000
G1 95 66 1000
G1 81 49 1000
G1 69 36 1000
G1 59 24 1000
G1 51 16 1000
G1 45 9 1000
G1 40 3 1000
G1 36 -1 1000
G1 33 -4 1000
G1 31 -7 1000
G1 29 -9 1000
G1 27 -11 1000
G1 26 -12 1000
G1 24 -13 1000
G1 24 -14 1000
G1 23 -15 1000
G1 22 -16 1000
G1 42 -34 1000
G1 60 -54 1000
G1 57 -57 1000
G1 72 -76 1000
G1 51 -57 1000
G1 16 -18 1000
G1 14 -16 1000
G1 11 -12 1000
G1 4 -4 1000
G1 -5 6 1000
G1 -11 13 1000
G1 -14 16 1000
G1 -16 18 1000
G1 -16 19 1000
G1 -68 80 1000
G1 -34 42 1000
G1 -32 42 1000
G1 -32 44 1000
G1 -15 22 1000
G1 -15 23 1000
G1 -14 23 1000
G1 -14 24 1000
G1 -13 24 1000
G1 -12 25 1000
G1 -11 25 1000
G1 -10 26 1000
G1 -9 27 1000
G1 -7 29 1000
G1 -5 30 1000
G1 -2 32 1000
G1 1 34 1000
G1 4 37 1000
G1 9 40 1000
G1 15 45 1000
G1 23 50 1000
G1 33 57 1000
G1 46 66 1000
G1 61 77 1000
G1 79 88 1000
G1 97 98 1000
G1 111 104 1000
G1 116 101 1000
G1 112 90 1000
G1 101 74 1000
G1 88 57 1000
G1 75 42 1000
G1 64 30 1000
G1 55 20 1000
G1 48 12 1000
G1 43 6 1000
G1 38 1 1000
G1 35 -3 1000
G1 32 -6 1000
G1 30 -8 1000
G1 28 -10 1000
G1 26 -11 1000
G1 25 -13 1000
G1 24 -14 1000
G1 23 -15 1000
G1 44 -32 1000
G1 42 -34 1000
G1 40 -36 1000
G1 76 -76 1000
G1 72 -76 1000
G1 34 -38 1000
G1 16 -18 1000
G1 15 -17 1000
G1 13 -14 1000
G1 8 -9 1000
G1 -1 1 1000
G1 -9 10 1000
G1 -13 15 1000
G1 -15 17 1000
G1 -16 19 1000
G1 -17 19 1000
G1 -51 60 1000
G1 -51 63 1000
G1 -16 21 1000
G1 -32 44 1000
G1 -30 44 1000
G1 -15 23 1000
G1 -14 23 1000
G1 -26 48 1000
G1 -12 25 1000
G1 -11 26 1000
G1 -9 27 1000
G1 -8 28 1000
G1 -6 29 1000
G1 -4 31 1000
G1 -1 33 1000
G1 2 35 1000
G1 7 39 1000
G1 12 43 1000
G1 19 47 1000
G1 28 54 1000
G1 39 62 1000
G1 53 71 1000
G1 70 83 1000
G1 89 94 1000
G1 105 102 1000
G1 115 103 1000
G1 115 96 1000
G1 107 82 1000
G1 94 65 1000
G1 81 49 1000
G1 69 35 1000
G1 59 24 1000
G1 51 15 1000
G1 45 9 1000
G1 40 3 1000
G1 36 -1 1000
G1 33 -4 1000
G1 31 -7 1000
G1 29 -9 1000
G1 27 -11 1000
G1 26 -12 1000
G1 24 -13 1000
G1 23 -14 1000
G1 23 -15 1000
G1 22 -16 1000
G1 42 -34 1000
G1 60 -54 1000
G1 57 -57 1000
G1 72 -76 1000
G1 51 -57 1000
G1 16 -18 1000
G1 14 -16 1000
G1 10 -12 1000
G1 4 -4 1000
G1 -5 6 1000
G1 -11 13 1000
G1 -14 16 1000
G1 -16 18 1000
G1 -16 19 1000
G1 -68 80 1000
G1 -34 42 1000
G1 -32 42 1000
G1 -32 44 1000
G1 -15 22 1000
G1 -15 23 1000
G1 -14 23 1000
G1 -14 24 1000
G1 -13 24 1000
G1 -12 25 1000
G1 -11 25 1000
G1 -10 26 1000
G1 -9 27 1000
G1 -7 29 1000
G1 -5 30 1000
G1 -2 32 1000
G1 1 34 1000
G1 5 37 1000
G1 9 40 1000
G1 16 45 1000
G1 23 51 1000
G1 33 58 1000
G1 46 67 1000
G1 62 77 1000
G1 80 88 1000
G1 98 99 1000
G1 111 104 1000
G1 116 101 1000
G1 112 90 1000
G1 101 74 1000
G1 88 57 1000
G1 75 42 1000
G1 64 29 1000
G1 55 19 1000
G1 48 12 1000
G1 42 6 1000
G1 38 1 1000
G1 35 -3 1000
G1 32 -6 1000
G1 30 -8 1000
G1 28 -10 1000
G1 26 -12 1000
G1 25 -13 1000
G1 24 -14 1000
G1 23 -15 1000
G1 44 -32 1000
G1 42 -34 1000
G1 40 -36 1000
G1 76 -76 1000
G1 72 -76 1000
G1 34 -38 1000
G1 16 -18 1000
G1 15 -17 1000
G1 13 -14 1000
G1 7 -8 1000
G1 -1 1 1000
G1 -9 10 1000
G1 -13 15 1000
G1 -15 17 1000
G1 -16 19 1000
G1 -17 19 1000
G1 -51 60 1000
G1 -51 63 1000
G1 -16 21 1000
G1 -32 44 1000
G1 -30 44 1000
G1 -28 46 1000
G1 -13 24 1000
G1 -12 24 1000
G1 -12 25 1000
G1 -10 26 1000
G1 -9 27 1000
G1 -8 28 1000
G1 -6 29 1000
G1 -4 31 1000
G1 -1 33 1000
G1 3 36 1000
G1 7 39 1000
G1 12 43 1000
G1 19 48 1000
G1 28 54 1000
G1 40 62 1000
G1 54 72 1000
G1 71 83 1000
G1 89 94 1000
G1 105 102 1000
G1 115 103 1000
G1 115 96 1000
G1 107 82 1000
G1 94 65 1000
G1 81 49 1000
G1 69 35 1000
G1 59 24 1000
G1 51 15 1000
G1 45 9 1000
G1 40 3 1000
G1 36 -1 1000
G1 33 -4 1000
G1 31 -7 1000
G1 29 -9 1000
G1 27 -11 1000
G1 26 -12 1000
G1 24 -13 1000
G1 23 -14 1000
G1 23 -15 1000
G1 22 -16 1000
G1 42 -34 1000
G1 60 -54 1000
G1 57 -57 1000
G1 72 -76 1000
G1 51 -57 1000
G1 16 -18 1000
G1 14 -16 1000
G1 10 -12 1000
G1 3 -4 1000
G1 -5 6 1000
G1 -11 13 1000
G1 -14 17 1000
G1 -16 18 1000
G1 -16 19 1000
G1 -68 80 1000
G1 -34 42 1000
G1 -32 42 1000
G1 -32 44 1000
G1 -15 22 1000
G1 -15 23 1000
G1 -14 23 1000
G1 -14 24 1000
G1 -13 24 1000
G1 -12 25 1000
G1 -11 25 1000
G1 -10 26 1000
G1 -8 27 1000
G1 -7 29 1000
G1 -5 30 1000
G1 -2 32 1000
G1 1 34 1000
G1 5 37 1000
G1 10 41 1000
G1 16 45 1000
G1 24 51 1000
G1 34 58 1000
G1 46 67 1000
G1 62 77 1000
G1 80 89 1000
G1 98 99 1000
G1 111 104 1000
G1 116 101 1000
G1 112 89 1000
G1 101 73 1000
G1 87 56 1000
G1 74 41 1000
G1 64 29 1000
G1 55 19 1000
G1 48 12 1000
G1 42 6 1000
G1 38 1 1000
G1 35 -3 1000
G1 32 -6 1000
G1 30 -8 1000
G1 28 -10 1000
G1 26 -12 1000
G1 25 -13 1000
G1 24 -14 1000
G1 23 -15 1000
G1 44 -32 1000
G1 42 -34 1000
G1 40 -36 1000
G1 76 -76 1000
G1 72 -76 1000
G1 34 -38 1000
G1 16 -18 1000
G1 15 -17 1000
G1 12 -14 1000
G1 7 -8 1000
G1 -1 1 1000
G1 -9 10 1000
G1 -13 15 1000
G1 -15 18 1000
G1 -16 19 1000
G1 -17 19 1000
G1 -51 60 1000
G1 -51 63 1000
G1 -16 21 1000
G1 -32 44 1000
G1 -30 44 1000
G1 -28 46 1000
G1 -13 24 1000
G1 -12 24 1000
G1 -12 25 1000
G1 -10 26 1000
G1 -9 27 1000
G1 -8 28 1000
G1 -6 29 1000
G1 -4 31 1000
G1 -1 33 1000
G1 3 36 1000
G1 7 39 1000
G1 12 43 1000
G1 19 48 1000
G1 28 54 1000
G1 40 62 1000
G1 54 72 1000
G1 71 83 1000
G1 89 94 1000
G1 106 102 1000
G1 115 103 1000
G1 115 96 1000
G1 107 81 1000
G1 94 64 1000
G1 80 48 1000
G1 69 35 1000
G1 59 24 1000
G1 51 15 1000
G1 45 8 1000
G1 40 3 1000
G1 36 -1 1000
G1 33 -4 1000
G1 31 -7 1000
G1 29 -9 1000
G1 27 -11 1000
G1 26 -12 1000
G1 24 -13 1000
G1 23 -14 1000
G1 23 -15 1000
G1 22 -16 1000
G1 42 -34 1000
G1 60 -54 1000
G1 57 -57 1000
G1 72 -76 1000
G1 51 -57 1000
G1 16 -18 1000
G1 14 -16 1000
G1 10 -12 1000
G1 3 -4 1000
G1 -6 6 1000
G1 -12 13 1000
G1 -14 17 1000
G1 -16 18 1000
G1 -16 19 1000
G1 -68 80 1000
G1 -34 42 1000
G1 -32 42 1000
G1 -32 44 1000
G1 -15 22 1000
G1 -15 23 1000
G1 -14 23 1000
G1 -14 24 1000
G1 -13 24 1000
G1 -12 25 1000
G1 -11 25 1000
G1 -10 26 1000
G1 -8 27 1000
G1 -7 29 1000
G1 -5 30 1000
G1 -2 32 1000
G1 1 34 1000
G1 5 37 1000
G1 10 41 1000
G1 16 45 1000
G1 24 51 1000
G1 34 58 1000
G1 47 67 1000
G1 63 78 1000
G1 81 89 1000
G1 98 99 1000
G1 112 104 1000
G1 116 100 1000
G1 111 89 1000
G1 100 73 1000
G1 87 56 1000
G1 74 41 1000
G1 63 29 1000
G1 55 19 1000
G1 48 11 1000
G1 42 6 1000
G1 38 1 1000
G1 34 -3 1000
G1 32 -6 1000
G1 30 -8 1000
G1 28 -10 1000
G1 26 -12 1000
G1 25 -13 1000
G1 24 -14 1000
G1 23 -15 1000
G1 44 -32 1000
G1 42 -34 1000
G1 40 -36 1000
G1 76 -76 1000
G1 72 -76 1000
G1 34 -38 1000
G1 16 -18 1000
G1 15 -17 1000
G1 12 -14 1000
G1 7 -8 1000
G1 -1 2 1000
G1 -9 10 1000
G1 -13 15 1000
G1 -15 18 1000
G1 -16 19 1000
G1 -17 19 1000
G1 -51 60 1000
G1 -51 63 1000
G1 -16 21 1000
G1 -32 44 1000
G1 -30 44 1000
G1 -28 46 1000
G1 -13 24 1000
G1 -12 24 1000
G1 -12 25 1000
G1 -10 26 1000
G1 -9 27 1000
G1 -8 28 1000
G1 -6 29 1000
G1 -3 31 1000
G1 -1 33 1000
G1 3 36 1000
G1 7 39 1000
G1 13 43 1000
G1 20 48 1000
G1 29 54 1000
G1 40 62 1000
G1 55 72 1000
G1 72 83 1000
G1 90 95 1000
G1 106 102 1000
G1 115 103 1000
G1 115 95 1000
G1 106 81 1000
G1 93 64 1000
G1 80 48 1000
G1 68 34 1000
G1 59 23 1000
G1 51 15 1000
G1 45 8 1000
G1 40 3 1000
G1 36 -1 1000
G1 33 -4 1000
G1 31 -7 1000
G1 29 -9 1000
G1 27 -11 1000
G1 26 -12 1000
G1 24 -13 1000
G1 46 -30 1000
G1 22 -16 1000
G1 42 -34 1000
G1 60 -54 1000
G1 57 -57 1000
G1 72 -76 1000
G1 51 -57 1000
G1 16 -18 1000
G1 14 -16 1000
G1 10 -11 1000
G1 3 -3 1000
G1 -6 7 1000
G1 -12 13 1000
G1 -14 17 1000
G1 -16 18 1000
G1 -16 19 1000
G1 -68 80 1000
G1 -34 42 1000
G1 -32 42 1000
G1 -32 44 1000
G1 -15 22 1000
G1 -15 23 1000
G1 -14 23 1000
G1 -14 24 1000
G1 -13 24 1000
G1 -12 25 1000
G1 -11 26 1000
G1 -10 26 1000
G1 -8 27 1000
G1 -7 29 1000
G1 -5 30 1000
G1 -2 32 1000
G1 1 34 1000
G1 5 37 1000
G1 10 41 1000
G1 16 45 1000
G1 24 51 1000
G1 34 58 1000
G1 47 67 1000
G1 63 78 1000
G1 81 89 1000
G1 99 99 1000
G1 112 104 1000
G1 116 100 1000
G1 111 88 1000
G1 100 72 1000
G1 87 56 1000
G1 74 41 1000
G1 63 29 1000
G1 54 19 1000
G1 47 11 1000
G1 42 5 1000
G1 38 1 1000
G1 34 -3 1000
G1 32 -6 1000
G1 29 -8 1000
G1 28 -10 1000
G1 26 -12 1000
G1 25 -13 1000
G1 24 -14 1000
G1 23 -15 1000
G1 44 -32 1000
G1 42 -34 1000
G1 40 -36 1000
G1 76 -76 1000
G1 72 -76 1000
G1 34 -38 1000
G1 16 -18 1000
G1 15 -17 1000
G1 12 -14 1000
G1 7 -8 1000
G1 -2 2 1000
G1 -9 11 1000
G1 -13 15 1000
G1 -15 18 1000
G1 -16 19 1000
G1 -17 19 1000
G1 -51 60 1000
G1 -51 63 1000
G1 -16 21 1000
G1 -32 44 1000
G1 -30 44 1000
G1 -28 46 1000
G1 -13 24 1000
G1 -12 24 1000
G1 -11 25 1000
G1 -10 26 1000
G1 -9 27 1000
G1 -8 28 1000
G1 -6 29 1000
G1 -3 31 1000
G1 -1 33 1000
G1 3 36 1000
G1 7 39 1000
G1 13 43 1000
G1 20 48 1000
G1 29 55 1000
G1 40 63 1000
G1 55 73 1000
G1 72 84 1000
G1 90 95 1000
G1 106 102 1000
G1 115 103 1000
G1 115 95 1000
G1 106 81 1000
G1 93 64 1000
G1 80 48 1000
G1 68 34 1000
G1 58 23 1000
G1 51 15 1000
G1 45 8 1000
G1 40 3 1000
G1 36 -1 1000
G1 33 -4 1000
G1 30 -7 1000
G1 28 -9 1000
G1 27 -11 1000
G1 26 -12 1000
G1 24 -14 1000
G1 46 -30 1000
G1 22 -16 1000
G1 42 -34 1000
G1 60 -54 1000
G1 57 -57 1000
G1 72 -76 1000
G1 51 -57 1000
G1 16 -18 1000
G1 14 -16 1000
G1 10 -11 1000
G1 3 -3 1000
G1 -6 7 1000
G1 -12 13 1000
G1 -15 17 1000
G1 -16 18 1000
G1 -16 19 1000
G1 -51 60 1000
G1 -51 63 1000
G1 -32 42 1000
G1 -32 44 1000
G1 -15 22 1000
G1 -15 23 1000
G1 -14 23 1000
G1 -14 24 1000
G1 -13 24 1000
G1 -12 25 1000
G1 -11 26 1000
G1 -10 26 1000
G1 -8 27 1000
G1 -7 29 1000
G1 -5 30 1000
G1 -2 32 1000
G1 1 34 1000
G1 5 37 1000
G1 10 41 1000
G1 16 45 1000
G1 24 51 1000
G1 35 58 1000
G1 48 67 1000
G1 63 78 1000
G1 81 90 1000
G1 99 99 1000
G1 112 104 1000
G1 116 100 1000
G1 111 88 1000
G1 100 72 1000
G1 86 55 1000
G1 74 40 1000
G1 63 28 1000
G1 54 19 1000
G1 47 11 1000
G1 42 5 1000
G1 38 1 1000
G1 34 -3 1000
G1 32 -6 1000
G1 29 -8 1000
G1 28 -10 1000
G1 26 -12 1000
G1 25 -13 1000
G1 24 -14 1000
G1 23 -15 1000
G1 44 -32 1000
G1 42 -34 1000
G1 40 -36 1000
G1 76 -76 1000
G1 72 -76 1000
G1 34 -38 1000
G1 16 -18 1000
G1 15 -17 1000
G1 12 -14 1000
G1 7 -8 1000
G1 -2 2 1000
G1 -9 11 1000
G1 -13 15 1000
G1 -15 18 1000
G1 -16 19 1000
G1 -17 19 1000
G1 -51 60 1000
G1 -51 63 1000
G1 -16 21 1000
G1 -32 44 1000
G1 -30 44 1000
G1 -28 46 1000
G1 -13 24 1000
G1 -12 24 1000
G1 -11 25 1000
G1 -10 26 1000
G1 -9 27 1000
G1 -8 28 1000
G1 -6 29 1000
G1 -3 31 1000
G1 -1 33 1000
G1 3 36 1000
G1 7 39 1000
G1 13 43 1000
G1 20 48 1000
G1 29 55 1000
G1 41 63 1000
G1 55 73 1000
G1 72 84 1000
G1 91 95 1000
G1 107 103 1000
G1 115 103 1000
G1 115 95 1000
G1 106 80 1000
G1 93 63 1000
G1 80 47 1000
G1 68 34 1000
G1 58 23 1000
G1 50 15 1000
G1 44 8 1000
G1 40 3 1000
G1 36 -1 1000
G1 33 -4 1000
G1 30 -7 1000
G1 28 -9 1000
G1 27 -11 1000
G1 25 -12 1000
G1 24 -14 1000
G1 46 -30 1000
G1 22 -16 1000
G1 42 -34 1000
G1 60 -54 1000
G1 57 -57 1000
G1 72 -76 1000
G1 34 -38 1000
G1 16 -19 1000
G1 16 -18 1000
G1 14 -16 1000
G1 10 -11 1000
G1 3 -3 1000
G1 -18 21 1000
G1 -15 17 1000
G1 -16 18 1000
G1 -16 19 1000
G1 -51 60 1000
G1 -51 63 1000
G1 -32 42 1000
G1 -32 44 1000
G1 -15 22 1000
G1 -15 23 1000
G1 -14 23 1000
G1 -14 24 1000
G1 -13 24 1000
G1 -12 25 1000
G1 -11 26 1000
G1 -10 26 1000
G1 -8 28 1000
G1 -7 29 1000
G1 -5 30 1000
G1 -2 32 1000
G1 1 34 1000
G1 5 37 1000
G1 10 41 1000
G1 16 46 1000
G1 24 51 1000
G1 35 59 1000
G1 48 68 1000
G1 64 78 1000
G1 82 90 1000
G1 99 100 1000
G1 112 104 1000
G1 116 100 1000
G1 111 88 1000
G1 99 71 1000
G1 86 55 1000
G1 73 40 1000
G1 63 28 1000
G1 54 18 1000
G1 47 11 1000
G1 42 5 1000
G1 38 1 1000
G1 34 -3 1000
G1 32 -6 1000
G1 29 -8 1000
G1 28 -10 1000
G1 26 -12 1000
G1 25 -13 1000
G1 24 -14 1000
G1 23 -15 1000
G1 44 -32 1000
G1 21 -17 1000
G1 21 -18 1000
G1 40 -36 1000
G1 76 -76 1000
G1 72 -76 1000
G1 34 -38 1000
G1 16 -18 1000
G1 15 -17 1000
G1 12 -14 1000
G1 7 -7 1000
G1 -2 2 1000
G1 -10 11 1000
G1 -13 15 1000
G1 -15 18 1000
G1 -16 19 1000
G1 -17 19 1000
G1 -51 60 1000
G1 -51 63 1000
G1 -16 21 1000
G1 -32 44 1000
G1 -30 44 1000
G1 -28 46 1000
G1 -13 24 1000
G1 -12 24 1000
G1 -11 25 1000
G1 -10 26 1000
G1 -9 27 1000
G1 -7 28 1000
G1 -6 30 1000
G1 -3 31 1000
G1 0 33 1000
G1 3 36 1000
G1 7 39 1000
G1 13 43 1000
G1 20 48 1000
G1 29 55 1000
G1 41 63 1000
G1 56 73 1000
G1 73 84 1000
G1 91 95 1000
G1 107 103 1000
G1 116 103 1000
G1 115 94 1000
G1 105 80 1000
G1 92 63 1000
G1 79 47 1000
G1 68 34 1000
G1 58 23 1000
G1 50 14 1000
G1 44 8 1000
G1 40 3 1000
G1 36 -1 1000
G1 33 -5 1000
G1 30 -7 1000
G1 28 -9 1000
G1 27 -11 1000
G1 25 -12 1000
G1 24 -14 1000
G1 46 -30 1000
G1 22 -16 1000
G1 42 -34 1000
G1 60 -54 1000
G1 57 -57 1000
G1 72 -76 1000
G1 34 -38 1000
G1 16 -19 1000
G1 16 -18 1000
G1 14 -16 1000
G1 10 -11 1000
G1 2 -3 1000
G1 -18 21 1000
G1 -15 17 1000
G1 -16 18 1000
G1 -16 19 1000
G1 -51 60 1000
G1 -51 63 1000
G1 -32 42 1000
G1 -32 44 1000
G1 -15 22 1000
G1 -15 23 1000
G1 -14 23 1000
G1 -14 24 1000
G1 -13 24 1000
G1 -12 25 1000
G1 -11 26 1000
G1 -10 26 1000
G1 -8 28 1000
G1 -7 29 1000
G1 -4 30 1000
G1 -2 32 1000
G1 1 35 1000
G1 5 37 1000
G1 10 41 1000
G1 17 46 1000
G1 25 51 1000
G1 35 59 1000
G1 48 68 1000
G1 64 79 1000
G1 82 90 1000
G1 100 100 1000
G1 112 104 1000
G1 116 100 1000
G1 111 87 1000
G1 99 71 1000
G1 86 54 1000
G1 73 40 1000
G1 62 28 1000
G1 54 18 1000
G1 47 11 1000
G1 42 5 1000
G1 38 1 1000
G1 34 -3 1000
G1 31 -6 1000
G1 29 -8 1000
G1 28 -10 1000
G1 26 -12 1000
G1 25 -13 1000
G1 24 -14 1000
G1 23 -15 1000
G1 44 -32 1000
G1 21 -17 1000
G1 21 -18 1000
G1 40 -36 1000
G1 76 -76 1000
G1 72 -76 1000
G1 34 -38 1000
G1 16 -18 1000
G1 15 -17 1000
G1 18 -21 1000
G1 -2 3 1000
G1 -10 11 1000
G1 -14 16 1000
G1 -15 18 1000
G1 -16 19 1000
G1 -17 19 1000
G1 -51 60 1000
G1 -51 63 1000
G1 -16 21 1000
G1 -32 44 1000
G1 -15 22 1000
G1 -15 23 1000
G1 -28 46 1000
G1 -13 24 1000
G1 -12 24 1000
G1 -11 25 1000
G1 -10 26 1000
G1 -9 27 1000
G1 -7 28 1000
G1 -6 30 1000
G1 -3 31 1000
G1 0 33 1000
G1 3 36 1000
G1 8 39 1000
G1 13 43 1000
G1 20 48 1000
G1 30 55 1000
G1 41 63 1000
G1 56 73 1000
G1 73 85 1000
G1 92 95 1000
G1 107 103 1000
G1 116 103 1000
G1 114 94 1000
G1 105 79 1000
G1 92 62 1000
G1 79 47 1000
G1 67 33 1000
G1 58 23 1000
G1 50 14 1000
G1 44 8 1000
G1 39 3 1000
G1 36 -1 1000
G1 33 -5 1000
G1 30 -7 1000
G1 28 -9 1000
G1 27 -11 1000
G1 25 -12 1000
G1 24 -14 1000
G1 46 -30 1000
G1 22 -16 1000
G1 42 -34 1000
G1 60 -54 1000
G1 57 -57 1000
G1 72 -76 1000
G1 34 -38 1000
G1 16 -19 1000
G1 15 -18 1000
G1 14 -15 1000
G1 10 -11 1000
G1 2 -2 1000
G1 -7 7 1000
G1 -12 14 1000
G1 -15 17 1000
G1 -16 18 1000
G1 -16 19 1000
G1 -51 60 1000
G1 -51 63 1000
G1 -32 42 1000
G1 -32 44 1000
G1 -15 22 1000
G1 -15 23 1000
G1 -14 23 1000
G1 -26 48 1000
G1 -12 25 1000
G1 -11 26 1000
G1 -10 26 1000
G1 -8 28 1000
G1 -7 29 1000
G1 -4 30 1000
G1 -2 32 1000
G1 1 35 1000
G1 5 38 1000
G1 10 41 1000
G1 17 46 1000
G1 25 52 1000
G1 35 59 1000
G1 49 68 1000
G1 65 79 1000
G1 83 90 1000
G1 100 100 1000
G1 113 104 1000
G1 116 99 1000
G1 110 87 1000
G1 99 71 1000
G1 85 54 1000
G1 73 39 1000
G1 62 27 1000
G1 54 18 1000
G1 47 11 1000
G1 42 5 1000
G1 37 0 1000
G1 34 -3 1000
G1 31 -6 1000
G1 29 -8 1000
G1 27 -10 1000
G1 26 -12 1000
G1 25 -13 1000
G1 24 -14 1000
G1 23 -15 1000
G1 44 -32 1000
G1 21 -17 1000
G1 60 -54 1000
G1 76 -76 1000
G1 72 -76 1000
G1 34 -38 1000
G1 16 -18 1000
G1 15 -17 1000
G1 18 -21 1000
G1 -3 3 1000
G1 -10 11 1000
G1 -14 16 1000
G1 -15 18 1000
G1 -16 19 1000
G1 -17 19 1000
G1 -51 60 1000
G1 -51 63 1000
G1 -16 21 1000
G1 -32 44 1000
G1 -15 22 1000
G1 -15 23 1000
G1 -28 46 1000
G1 -13 24 1000
G1 -12 24 1000
G1 -11 25 1000
G1 -10 26 1000
G1 -9 27 1000
G1 -7 28 1000
G1 -5 30 1000
G1 -3 31 1000
G1 0 33 1000
G1 3 36 1000
G1 8 39 1000
G1 13 43 1000
G1 21 49 1000
G1 30 55 1000
G1 42 64 1000
G1 57 74 1000
G1 74 85 1000
G1 92 96 1000
G1 108 103 1000
G1 116 103 1000
G1 114 94 1000
G1 105 79 1000
G1 92 62 1000
G1 79 46 1000
G1 67 33 1000
G1 57 22 1000
G1 50 14 1000
G1 44 8 1000
G1 39 2 1000
G1 36 -2 1000
G1 33 -5 1000
G1 30 -7 1000
G1 28 -9 1000
G1 27 -11 1000
G1 25 -12 1000
G1 24 -14 1000
G1 46 -30 1000
G1 22 -16 1000
G1 42 -34 1000
G1 60 -54 1000
G1 57 -57 1000
G1 72 -76 1000
G1 34 -38 1000
G1 16 -19 1000
G1 15 -17 1000
G1 14 -15 1000
G1 9 -11 1000
G1 2 -2 1000
G1 -7 8 1000
G1 -12 14 1000
G1 -15 17 1000
G1 -16 18 1000
G1 -16 19 1000
G1 -51 60 1000
G1 -51 63 1000
G1 -32 42 1000
G1 -32 44 1000
G1 -15 22 1000
G1 -15 23 1000
G1 -14 23 1000
G1 -26 48 1000
G1 -12 25 1000
G1 -11 26 1000
G1 -10 27 1000
G1 -8 28 1000
G1 -6 29 1000
G1 -4 30 1000
G1 -2 32 1000
G1 1 35 1000
G1 5 38 1000
G1 10 41 1000
G1 17 46 1000
G1 25 52 1000
G1 36 59 1000
G1 49 68 1000
G1 65 79 1000
G1 83 91 1000
G1 101 100 1000
G1 113 104 1000
G1 116 99 1000
G1 110 87 1000
G1 98 70 1000
G1 85 54 1000
G1 72 39 1000
G1 62 27 1000
G1 53 18 1000
G1 47 11 1000
G1 41 5 1000
G1 37 0 1000
G1 34 -3 1000
G1 31 -6 1000
G1 29 -8 1000
G1 27 -10 1000
G1 26 -12 1000
G1 25 -13 1000
G1 24 -14 1000
G1 23 -15 1000
G1 44 -32 1000
G1 21 -17 1000
G1 60 -54 1000
G1 76 -76 1000
G1 72 -76 1000
G1 34 -38 1000
G1 16 -18 1000
G1 15 -17 1000
G1 12 -13 1000
G1 6 -7 1000
G1 -3 3 1000
G1 -10 11 1000
G1 -14 16 1000
G1 -15 18 1000
G1 -16 19 1000
G1 -17 19 1000
G1 -51 60 1000
G1 -51 63 1000
G1 -16 21 1000
G1 -32 44 1000
G1 -15 22 1000
G1 -15 23 1000
G1 -28 46 1000
G1 -13 24 1000
G1 -12 25 1000
G1 -11 25 1000
G1 -10 26 1000
G1 -9 27 1000
G1 -7 28 1000
G1 -5 30 1000
G1 -3 31 1000
G1 0 33 1000
G1 3 36 1000
G1 8 39 1000
G1 14 44 1000
G1 21 49 1000
G1 30 55 1000
G1 42 64 1000
G1 57 74 1000
G1 74 85 1000
G1 92 96 1000
G1 108 103 1000
G1 116 102 1000
G1 114 94 1000
G1 105 78 1000
G1 91 62 1000
G1 78 46 1000
G1 67 33 1000
G1 57 22 1000
G1 50 14 1000
G1 44 7 1000
G1 39 2 1000
G1 36 -2 1000
G1 33 -5 1000
G1 30 -7 1000
G1 28 -9 1000
G1 27 -11 1000
G1 25 -12 1000
G1 24 -14 1000
G1 23 -15 1000
G1 22 -15 1000
G1 22 -16 1000
G1 42 -34 1000
G1 60 -54 1000
G1 57 -57 1000
G1 72 -76 1000
G1 34 -38 1000
G1 16 -18 1000
G1 15 -17 1000
G1 13 -15 1000
G1 9 -11 1000
G1 2 -2 1000
G1 -7 8 1000
G1 -12 14 1000
G1 -15 17 1000
G1 -16 18 1000
G1 -16 19 1000
G1 -51 60 1000
G1 -51 63 1000
G1 -32 42 1000
G1 -32 44 1000
G1 -15 22 1000
G1 -15 23 1000
G1 -14 23 1000
G1 -26 48 1000
G1 -12 25 1000
G1 -11 26 1000
G1 -10 27 1000
G1 -8 28 1000
G1 -6 29 1000
G1 -4 30 1000
G1 -2 32 1000
G1 2 35 1000
G1 6 38 1000
G1 11 41 1000
G1 17 46 1000
G1 25 52 1000
G1 36 59 1000
G1 49 69 1000
G1 66 80 1000
G1 84 91 1000
G1 101 100 1000
G1 113 104 1000
G1 116 99 1000
G1 110 86 1000
G1 98 70 1000
G1 85 53 1000
G1 72 39 1000
G1 62 27 1000
G1 53 18 1000
G1 47 10 1000
G1 41 5 1000
G1 37 0 1000
G1 34 -3 1000
G1 31 -6 1000
G1 29 -8 1000
G1 27 -10 1000
G1 26 -12 1000
G1 25 -13 1000
G1 24 -14 1000
G1 23 -15 1000
G1 22 -16 1000
G1 42 -34 1000
G1 60 -54 1000
G1 76 -76 1000
G1 72 -76 1000
G1 34 -38 1000
G1 16 -18 1000
G1 15 -17 1000
G1 12 -13 1000
G1 6 -7 1000
G1 -3 3 1000
G1 -10 12 1000
G1 -14 16 1000
G1 -15 18 1000
G1 -16 19 1000
G1 -17 19 1000
G1 -51 60 1000
G1 -34 42 1000
G1 -32 42 1000
G1 -32 44 1000
G1 -15 22 1000
G1 -15 23 1000
G1 -28 46 1000
G1 -13 24 1000
G1 -12 25 1000
G1 -11 25 1000
G1 -10 26 1000
G1 -9 27 1000
G1 -7 28 1000
G1 -5 30 1000
G1 -3 31 1000
G1 0 34 1000
G1 3 36 1000
G1 8 39 1000
G1 14 44 1000
G1 21 49 1000
G1 30 56 1000
G1 42 64 1000
G1 57 74 1000
G1 75 85 1000
G1 93 96 1000
G1 108 103 1000
G1 116 102 1000
G1 114 93 1000
G1 104 78 1000
G1 91 61 1000
G1 78 46 1000
G1 66 32 1000
G1 57 22 1000
G1 50 14 1000
G1 44 7 1000
G1 39 2 1000
G1 35 -2 1000
G1 33 -5 1000
G1 30 -7 1000
G1 28 -9 1000
G1 27 -11 1000
G1 25 -13 1000
G1 24 -14 1000
G1 23 -15 1000
G1 22 -15 1000
G1 22 -16 1000
G1 42 -34 1000
G1 60 -54 1000
G1 57 -57 1000
G1 72 -76 1000
G1 34 -38 1000
G1 16 -18 1000
G1 15 -17 1000
G1 13 -15 1000
G1 9 -10 1000
G1 1 -2 1000
G1 -7 8 1000
G1 -12 14 1000
G1 -15 17 1000
G1 -16 18 1000
G1 -16 19 1000
G1 -51 60 1000
G1 -51 63 1000
G1 -32 42 1000
G1 -32 44 1000
G1 -15 22 1000
G1 -15 23 1000
G1 -14 23 1000
G1 -26 48 1000
G1 -12 25 1000
G1 -11 26 1000
G1 -10 27 1000
G1 -8 28 1000
G1 -6 29 1000
G1 -4 31 1000
G1 -2 32 1000
G1 2 35 1000
G1 6 38 1000
G1 11 41 1000
G1 17 46 1000
G1 26 52 1000
G1 36 60 1000
G1 50 69 1000
G1 66 80 1000
G1 84 91 1000
G1 101 100 1000
G1 113 104 1000
G1 116 99 1000
G1 110 86 1000
G1 98 69 1000
G1 84 53 1000
G1 72 38 1000
G1 61 27 1000
G1 53 17 1000
G1 46 10 1000
G1 41 5 1000
G1 37 0 1000
G1 34 -3 1000
G1 31 -6 1000
G1 29 -8 1000
G1 27 -10 1000
G1 26 -12 1000
G1 25 -13 1000
G1 24 -14 1000
G1 23 -15 1000
G1 22 -16 1000
G1 42 -34 1000
G1 60 -54 1000
G1 76 -76 1000
G1 72 -76 1000
G1 34 -38 1000
G1 16 -18 1000
G1 15 -16 1000
G1 12 -13 1000
G1 6 -6 1000
G1 -3 4 1000
G1 -10 12 1000
G1 -14 16 1000
G1 -15 18 1000
G1 -16 19 1000
G1 -17 19 1000
G1 -51 60 1000
G1 -34 42 1000
G1 -32 42 1000
G1 -32 44 1000
G1 -15 22 1000
G1 -15 23 1000
G1 -28 46 1000
G1 -13 24 1000
G1 -12 25 1000
G1 -11 25 1000
G1 -10 26 1000
G1 -9 27 1000
G1 -7 28 1000
G1 -5 30 1000
G1 -3 31 1000
G1 0 34 1000
G1 4 36 1000
G1 8 40 1000
G1 14 44 1000
G1 21 49 1000
G1 31 56 1000
G1 43 64 1000
G1 58 74 1000
G1 75 86 1000
G1 93 96 1000
G1 108 103 1000
G1 116 102 1000
G1 114 93 1000
G1 104 78 1000
G1 91 61 1000
G1 78 45 1000
G1 66 32 1000
G1 57 22 1000
G1 49 13 1000
G1 44 7 1000
G1 39 2 1000
G1 35 -2 1000
G1 32 -5 1000
G1 30 -7 1000
G1 28 -9 1000
G1 27 -11 1000
G1 25 -13 1000
G1 24 -14 1000
G1 23 -15 1000
G1 44 -32 1000
G1 42 -34 1000
G1 40 -36 1000
G1 19 -18 1000
G1 57 -57 1000
G1 72 -76 1000
G1 34 -38 1000
G1 16 -18 1000
G1 15 -17 1000
G1 13 -15 1000
G1 9 -10 1000
G1 1 -1 1000
G1 -7 8 1000
G1 -12 14 1000
G1 -15 17 1000
G1 -16 18 1000
G1 -16 19 1000
G1 -51 60 1000
G1 -51 63 1000
G1 -32 42 1000
G1 -16 22 1000
G1 -30 44 1000
G1 -15 23 1000
G1 -14 23 1000
G1 -26 48 1000
G1 -12 25 1000
G1 -11 26 1000
G1 -10 27 1000
G1 -8 28 1000
G1 -6 29 1000
G1 -4 31 1000
G1 -2 32 1000
G1 2 35 1000
G1 6 38 1000
G1 11 42 1000
G1 17 46 1000
G1 26 52 1000
G1 37 60 1000
G1 50 69 1000
G1 66 80 1000
G1 85 91 1000
G1 102 101 1000
G1 113 104 1000
G1 116 98 1000
G1 109 86 1000
G1 97 69 1000
G1 84 52 1000
G1 72 38 1000
G1 61 26 1000
G1 53 17 1000
G1 46 10 1000
G1 41 4 1000
G1 37 0 1000
G1 34 -3 1000
G1 31 -6 1000
G1 29 -9 1000
G1 27 -10 1000
G1 26 -12 1000
G1 25 -13 1000
G1 24 -14 1000
G1 23 -15 1000
G1 22 -16 1000
G1 42 -34 1000
G1 60 -54 1000
G1 76 -76 1000
G1 72 -76 1000
G1 34 -38 1000
G1 16 -18 1000
G1 14 -16 1000
G1 11 -13 1000
G1 5 -6 1000
G1 -3 4 1000
G1 -10 12 1000
G1 -14 16 1000
G1 -15 18 1000
G1 -16 19 1000
G1 -17 19 1000
G1 -51 60 1000
G1 -34 42 1000
G1 -32 42 1000
G1 -32 44 1000
G1 -15 22 1000
G1 -15 23 1000
G1 -28 46 1000
G1 -13 24 1000
G1 -12 25 1000
G1 -11 25 1000
G1 -10 26 1000
G1 -9 27 1000
G1 -7 28 1000
G1 -5 30 1000
G1 -3 32 1000
G1 0 34 1000
G1 4 36 1000
G1 8 40 1000
G1 14 44 1000
G1 21 49 1000
G1 31 56 1000
G1 43 64 1000
G1 58 75 1000
G1 76 86 1000
G1 94 97 1000
G1 109 103 1000
G1 116 102 1000
G1 114 93 1000
G1 104 77 1000
G1 90 60 1000
G1 77 45 1000
G1 66 32 1000
G1 57 21 1000
G1 49 13 1000
G1 44 7 1000
G1 39 2 1000
G1 35 -2 1000
G1 32 -5 1000
G1 30 -7 1000
G1 28 -10 1000
G1 27 -11 1000
G1 25 -13 1000
G1 24 -14 1000
G1 23 -15 1000
G1 44 -32 1000
G1 42 -34 1000
G1 40 -36 1000
G1 19 -18 1000
G1 57 -57 1000
G1 72 -76 1000
G1 34 -38 1000
G1 16 -18 1000
G1 15 -17 1000
G1 13 -15 1000
G1 9 -10 1000
G1 1 -1 1000
G1 -7 8 1000
G1 -12 14 1000
G1 -15 17 1000
G1 -16 18 1000
G1 -16 19 1000
G1 -51 60 1000
G1 -51 63 1000
G1 -32 42 1000
G1 -16 22 1000
G1 -30 44 1000
G1 -15 23 1000
G1 -14 23 1000
G1 -26 48 1000
G1 -12 25 1000
G1 -11 26 1000
G1 -10 27 1000
G1 -8 28 1000
G1 -6 29 1000
G1 -4 31 1000
G1 -1 33 1000
G1 2 35 1000
G1 6 38 1000
G1 11 42 1000
G1 18 46 1000
G1 26 52 1000
G1 37 60 1000
G1 50 69 1000
G1 67 80 1000
G1 85 92 1000
G1 102 101 1000
G1 114 104 1000
G1 116 98 1000
G1 109 85 1000
G1 97 69 1000
G1 84 52 1000
G1 71 38 1000
G1 61 26 1000
G1 53 17 1000
G1 46 10 1000
G1 41 4 1000
G1 37 0 1000
G1 34 -4 1000
G1 31 -6 1000
G1 29 -9 1000
G1 27 -10 1000
G1 26 -12 1000
G1 25 -13 1000
G1 24 -14 1000
G1 23 -15 1000
G1 22 -16 1000
G1 42 -34 1000
G1 60 -54 1000
G1 76 -76 1000
G1 72 -76 1000
G1 34 -38 1000
G1 16 -18 1000
G1 14 -16 1000
G1 11 -13 1000
G1 5 -6 1000
G1 -4 4 1000
G1 -10 12 1000
G1 -14 16 1000
G1 -15 18 1000
G1 -16 19 1000
G1 -17 19 1000
G1 -51 60 1000
G1 -34 42 1000
G1 -32 42 1000
G1 -32 44 1000
G1 -15 22 1000
G1 -15 23 1000
G1 -28 46 1000
G1 -13 24 1000
G1 -12 25 1000
G1 -11 25 1000
G1 -10 26 1000
G1 -9 27 1000
G1 -7 28 1000
G1 -5 30 1000
G1 -3 32 1000
G1 0 34 1000
G1 4 36 1000
G1 8 40 1000
G1 14 44 1000
G1 22 49 1000
G1 31 56 1000
G1 43 65 1000
G1 58 75 1000
G1 76 86 1000
G1 94 97 1000
G1 109 103 1000
G1 116 102 1000
G1 113 92 1000
G1 103 77 1000
G1 90 60 1000
G1 77 44 1000
G1 66 32 1000
G1 56 21 1000
G1 49 13 1000
G1 43 7 1000
G1 39 2 1000
G1 35 -2 1000
G1 32 -5 1000
G1 30 -8 1000
G1 28 -10 1000
G1 27 -11 1000
G1 25 -13 1000
G1 24 -14 1000
G1 23 -15 1000
G1 44 -32 1000
G1 42 -34 1000
G1 40 -36 1000
G1 19 -18 1000
G1 57 -57 1000
G1 72 -76 1000
G1 34 -38 1000
G1 16 -18 1000
G1 15 -17 1000
G1 13 -15 1000
G1 9 -10 1000
G1 1 -1 1000
G1 -8 9 1000
G1 -13 14 1000
G1 -15 17 1000
G1 -16 18 1000
G1 -17 19 1000
G1 -51 60 1000
G1 -51 63 1000
G1 -32 42 1000
G1 -16 22 1000
G1 -30 44 1000
G1 -15 23 1000
G1 -14 23 1000
G1 -26 48 1000
G1 -12 25 1000
G1 -11 26 1000
G1 -9 27 1000
G1 -8 28 1000
G1 -6 29 1000
G1 -4 31 1000
G1 -1 33 1000
G1 2 35 1000
G1 6 38 1000
G1 11 42 1000
G1 18 47 1000
G1 26 53 1000
G1 37 60 1000
G1 51 70 1000
G1 67 81 1000
G1 85 92 1000
G1 103 101 1000
G1 114 104 1000
G1 116 98 1000
G1 109 85 1000
G1 97 68 1000
G1 83 52 1000
G1 71 37 1000
G1 61 26 1000
G1 53 17 1000
G1 46 10 1000
G1 41 4 1000
G1 37 0 1000
G1 34 -4 1000
G1 31 -6 1000
G1 29 -9 1000
G1 27 -10 1000
G1 26 -12 1000
G1 25 -13 1000
G1 24 -14 1000
G1 23 -15 1000
G1 22 -16 1000
G1 42 -34 1000
G1 60 -54 1000
G1 76 -76 1000
G1 72 -76 1000
G1 34 -38 1000
G1 16 -18 1000
G1 14 -16 1000
G1 11 -13 1000
G1 5 -6 1000
G1 -4 4 1000
G1 -11 12 1000
G1 -14 16 1000
G1 -16 18 1000
G1 -16 19 1000
G1 -68 80 1000
G1 -34 42 1000
G1 -32 42 1000
G1 -32 44 1000
G1 -15 22 1000
G1 -15 23 1000
G1 -28 46 1000
G1 -13 24 1000
G1 -12 25 1000
G1 -11 25 1000
G1 -10 26 1000
G1 -9 27 1000
G1 -7 28 1000
G1 -5 30 1000
G1 -3 32 1000
G1 0 34 1000
G1 4 36 1000
G1 8 40 1000
G1 14 44 1000
G1 22 49 1000
G1 31 56 1000
G1 44 65 1000
G1 59 75 1000
G1 77 87 1000
G1 95 97 1000
G1 109 103 1000
G1 116 102 1000
G1 113 92 1000
G1 103 76 1000
G1 90 60 1000
G1 77 44 1000
G1 65 31 1000
G1 56 21 1000
G1 49 13 1000
G1 43 7 1000
G1 39 2 1000
G1 35 -2 1000
G1 32 -5 1000
G1 30 -8 1000
G1 28 -10 1000
G1 27 -11 1000
G1 25 -13 1000
G1 24 -14 1000
G1 23 -15 1000
G1 44 -32 1000
G1 42 -34 1000
G1 40 -36 1000
G1 19 -18 1000
G1 57 -57 1000
G1 72 -76 1000
G1 34 -38 1000
G1 16 -18 1000
G1 15 -17 1000
G1 13 -15 1000
G1 9 -10 1000
G1 1 -1 1000
G1 -8 9 1000
G1 -13 14 1000
G1 -15 17 1000
G1 -16 19 1000
G1 -17 19 1000
G1 -51 60 1000
G1 -51 63 1000
G1 -32 42 1000
G1 -16 22 1000
G1 -30 44 1000
G1 -15 23 1000
G1 -14 23 1000
G1 -26 48 1000
G1 -12 25 1000
G1 -11 26 1000
G1 -9 27 1000
G1 -8 28 1000
G1 -6 29 1000
G1 -4 31 1000
G1 -1 33 1000
G1 2 35 1000
G1 6 38 1000
G1 11 42 1000
G1 18 47 1000
G1 26 53 1000
G1 37 61 1000
G1 51 70 1000
G1 68 81 1000
G1 86 92 1000
G1 103 101 1000
G1 114 104 1000
G1 116 98 1000
G1 109 84 1000
G1 96 68 1000
G1 83 51 1000
G1 71 37 1000
G1 60 26 1000
G1 52 17 1000
G1 46 10 1000
G1 41 4 1000
G1 37 0 1000
G1 34 -4 1000
G1 31 -6 1000
G1 29 -9 1000
G1 27 -10 1000
G1 26 -12 1000
G1 25 -13 1000
G1 24 -14 1000
G1 23 -15 1000
G1 22 -16 1000
G1 42 -34 1000
G1 60 -54 1000
G1 76 -76 1000
G1 72 -76 1000
G1 34 -38 1000
G1 16 -18 1000
G1 14 -16 1000
G1 11 -13 1000
G1 5 -6 1000
G1 -4 5 1000
G1 -11 12 1000
G1 -14 16 1000
G1 -16 18 1000
G1 -16 19 1000
G1 -68 80 1000
G1 -34 42 1000
G1 -32 42 1000
G1 -32 44 1000
G1 -15 22 1000
G1 -15 23 1000
G1 -28 46 1000
G1 -13 24 1000
G1 -12 25 1000
G1 -11 25 1000
G1 -10 26 1000
G1 -9 27 1000
G1 -7 28 1000
G1 -5 30 1000
G1 -3 32 1000
G1 0 34 1000
G1 4 37 1000
G1 9 40 1000
G1 15 44 1000
G1 22 50 1000
G1 32 57 1000
G1 44 65 1000
G1 59 75 1000
G1 77 87 1000
G1 95 97 1000
G1 110 103 1000
G1 116 102 1000
G1 113 92 1000
G1 103 76 1000
G1 89 59 1000
G1 76 44 1000
G1 65 31 1000
G1 56 21 1000
G1 49 13 1000
G1 43 7 1000
G1 39 2 1000
G1 35 -2 1000
G1 32 -5 1000
G1 30 -8 1000
G1 28 -10 1000
G1 26 -11 1000
G1 25 -13 1000
G1 24 -14 1000
G1 23 -15 1000
G1 44 -32 1000
G1 42 -34 1000
G1 40 -36 1000
G1 76 -76 1000
G1 72 -76 1000
G1 34 -38 1000
G1 16 -18 1000
G1 15 -17 1000
G1 13 -15 1000
G1 8 -10 1000
G1 -8 9 1000
G1 -13 15 1000
G1 -15 17 1000
G1 -16 19 1000
G1 -17 19 1000
G1 -51 60 1000
G1 -51 63 1000
G1 -32 42 1000
G1 -16 22 1000
G1 -30 44 1000
G1 -15 23 1000
G1 -14 23 1000
G1 -26 48 1000
G1 -12 25 1000
G1 -11 26 1000
G1 -9 27 1000
G1 -8 28 1000
G1 -6 29 1000
G1 -4 31 1000
G1 -1 33 1000
G1 2 35 1000
G1 6 38 1000
G1 11 42 1000
G1 18 47 1000
G1 27 53 1000
G1 38 61 1000
G1 52 70 1000
G1 68 81 1000
G1 86 92 1000
G1 103 101 1000
G1 114 104 1000
G1 116 97 1000
G1 108 84 1000
G1 96 67 1000
G1 83 51 1000
G1 70 37 1000
G1 60 25 1000
G1 52 16 1000
G1 46 9 1000
G1 41 4 1000
G1 37 0 1000
G1 34 -4 1000
G1 31 -6 1000
G1 29 -9 1000
G1 27 -11 1000
G1 26 -12 1000
G1 25 -13 1000
G1 24 -14 1000
G1 23 -15 1000
G1 22 -16 1000
G1 42 -34 1000
G1 60 -54 1000
G1 76 -76 1000
G1 72 -76 1000
G1 34 -38 1000
G1 16 -18 1000
G1 14 -16 1000
G1 11 -13 1000
G1 5 -5 1000
G1 -4 5 1000
G1 -11 12 1000
G1 -14 16 1000
G1 -16 18 1000
G1 -16 19 1000
G1 -68 80 1000
G1 -34 42 1000
G1 -32 42 1000
G1 -32 44 1000
G1 -15 22 1000
G1 -15 23 1000
G1 -28 46 1000
G1 -13 24 1000
G1 -12 25 1000
G1 -11 25 1000
G1 -10 26 1000
G1 -9 27 1000
G1 -7 28 1000
G1 -5 30 1000
G1 -3 32 1000
G1 0 34 1000
G1 4 37 1000
G1 9 40 1000
G1 15 44 1000
G1 22 50 1000
G1 32 57 1000
G1 44 65 1000
G1 60 76 1000
G1 77 87 1000
G1 95 97 1000
G1 110 103 1000
G1 116 102 1000
G1 113 91 1000
G1 102 76 1000
G1 89 59 1000
G1 76 43 1000
G1 65 31 1000
G1 56 21 1000
G1 49 13 1000
G1 43 6 1000
G1 39 2 1000
G1 35 -2 1000
G1 32 -5 1000
G1 30 -8 1000
G1 28 -10 1000
G1 26 -11 1000
G1 25 -13 1000
G1 24 -14 1000
G1 23 -15 1000
G1 44 -32 1000
G1 42 -34 1000
G1 40 -36 1000
G1 76 -76 1000
G1 72 -76 1000
G1 34 -38 1000
G1 16 -18 1000
G1 15 -17 1000
G1 13 -15 1000
G1 8 -9 1000
G1 -8 9 1000
G1 -13 15 1000
G1 -15 17 1000
G1 -16 19 1000
G1 -17 19 1000
G1 -51 60 1000
G1 -51 63 1000
G1 -32 42 1000
G1 -16 22 1000
G1 -30 44 1000
G1 -15 23 1000
G1 -14 23 1000
G1 -26 48 1000
G1 -12 25 1000
G1 -11 26 1000
G1 -9 27 1000
G1 -8 28 1000
G1 -6 29 1000
G1 -4 31 1000
G1 -1 33 1000
G1 2 35 1000
G1 6 38 1000
G1 12 42 1000
G1 18 47 1000
G1 27 53 1000
G1 38 61 1000
G1 52 70 1000
G1 69 82 1000
G1 87 93 1000
G1 104 101 1000
G1 114 104 1000
G1 116 97 1000
G1 108 84 1000
G1 96 67 1000
G1 82 51 1000
G1 70 37 1000
G1 60 25 1000
G1 52 16 1000
G1 46 9 1000
G1 41 4 1000
G1 37 0 1000
G1 33 -4 1000
G1 31 -7 1000
G1 29 -9 1000
G1 27 -11 1000
G1 26 -12 1000
G1 25 -13 1000
G1 24 -14 1000
G1 23 -15 1000
G1 22 -16 1000
G1 42 -34 1000
G1 60 -54 1000
G1 76 -76 1000
G1 72 -76 1000
G1 34 -38 1000
G1 16 -18 1000
G1 14 -16 1000
G1 11 -12 1000
