G1 -12 -10 1000
G1 11 10 1000
G1 12 10 1000
G1 36 33 1000
G1 10 9 1000
G1 33 30 1000
G1 12 10 1000
G1 -28 -24 1000
G1 -26 -24 1000
G1 -26 -22 1000
G1 -24 -22 1000
G1 -12 -10 1000
G1 -11 -10 1000
G1 -6 -6 1000
G1 -7 -6 1000
G1 12 11 1000
G1 13 11 1000
G1 26 24 1000
G1 14 12 1000
G1 28 26 1000
G1 30 26 1000
G1 15 14 1000
G1 65 57 1000
G1 14 12 1000
G1 28 26 1000
G1 30 26 1000
G1 -18 -16 1000
G1 -17 -16 1000
G1 -68 -60 1000
G1 -16 -15 1000
G1 -32 -28 1000
G1 -15 -14 1000
G1 -30 -26 1000
G1 -14 -13 1000
G1 -28 -24 1000
G1 -13 -12 1000
G1 -26 -22 1000
G1 -12 -11 1000
G1 -14 -12 1000
G1 13 11 1000
G1 26 24 1000
G1 14 12 1000
G1 14 13 1000
G1 30 26 1000
G1 32 28 1000
G1 16 15 1000
G1 105 93 1000
G1 19 16 1000
G1 114 102 1000
G1 85 75 1000
G1 12 -52 1000
G1 2 -42 1000
G1 -8 -30 1000
G1 -13 -25 1000
G1 -17 -21 1000
G1 -20 -17 1000
G1 -23 -13 1000
G1 -27 -9 1000
G1 -33 -2 1000
G1 -47 14 1000
G1 -40 7 1000
G1 -19 -17 1000
G1 -19 -16 1000
G1 -88 -78 1000
G1 -16 -15 1000
G1 -16 -14 1000
G1 -15 -14 1000
G1 -30 -26 1000
G1 -14 -13 1000
G1 -14 -12 1000
G1 -13 -12 1000
G1 -13 -11 1000
G1 -12 -11 1000
G1 -16 -14 1000
G1 13 11 1000
G1 13 12 1000
G1 14 12 1000
G1 14 13 1000
G1 30 26 1000
G1 66 58 1000
G1 54 48 1000
G1 78 -51 1000
G1 46 -13 1000
G1 38 -3 1000
G1 33 2 1000
G1 30 6 1000
G1 28 9 1000
G1 26 12 1000
G1 24 14 1000
G1 23 17 1000
G1 21 19 1000
G1 19 21 1000
G1 17 23 1000
G1 15 25 1000
G1 13 27 1000
G1 10 30 1000
G1 6 33 1000
G1 1 38 1000
G1 -8 48 1000
G1 -38 82 1000
G1 85 75 1000
G1 -17 -15 1000
G1 26 -66 1000
G1 24 -64 1000
G1 7 -46 1000
G1 0 -39 1000
G1 -4 -35 1000
G1 -8 -32 1000
G1 -10 -30 1000
G1 -13 -28 1000
G1 -15 -26 1000
G1 -16 -24 1000
G1 -18 -23 1000
G1 -19 -21 1000
G1 -21 -20 1000
G1 -22 -18 1000
G1 -24 -17 1000
G1 -25 -15 1000
G1 -26 -13 1000
G1 -28 -11 1000
G1 -29 -9 1000
G1 -31 -6 1000
G1 -33 -3 1000
G1 -35 0 1000
G1 -39 5 1000
G1 -45 13 1000
G1 -63 35 1000
G1 -55 27 1000
G1 -66 -58 1000
G1 -15 -13 1000
G1 -14 -13 1000
G1 -14 -12 1000
G1 -26 -24 1000
G1 -13 -11 1000
G1 -16 -14 1000
G1 12 11 1000
G1 13 11 1000
G1 13 12 1000
G1 14 12 1000
G1 14 13 1000
G1 15 13 1000
G1 15 14 1000
G1 16 14 1000
G1 43 -15 1000
G1 76 -52 1000
G1 48 -19 1000
G1 41 -10 1000
G1 37 -4 1000
G1 35 0 1000
G1 33 3 1000
G1 31 6 1000
G1 30 8 1000
G1 29 10 1000
G1 28 12 1000
G1 27 14 1000
G1 26 15 1000
G1 25 17 1000
G1 24 18 1000
G1 22 20 1000
G1 21 21 1000
G1 20 22 1000
G1 19 24 1000
G1 17 25 1000
G1 15 26 1000
G1 14 27 1000
G1 12 29 1000
G1 10 30 1000
G1 7 32 1000
G1 4 34 1000
G1 1 37 1000
G1 -4 42 1000
G1 -12 49 1000
G1 -33 73 1000
G1 -23 60 1000
G1 32 28 1000
G1 45 39 1000
G1 28 26 1000
G1 14 12 1000
G1 -13 -12 1000
G1 -14 -12 1000
G1 -14 -13 1000
G1 -15 -13 1000
G1 -15 -14 1000
G1 -16 -14 1000
G1 63 -106 1000
G1 20 -58 1000
G1 9 -46 1000
G1 3 -41 1000
G1 -1 -37 1000
G1 -4 -35 1000
G1 -7 -33 1000
G1 -9 -32 1000
G1 -12 -30 1000
G1 -14 -29 1000
G1 -15 -28 1000
G1 -17 -27 1000
G1 -19 -26 1000
G1 -20 -25 1000
G1 -21 -24 1000
G1 -23 -22 1000
G1 -24 -21 1000
G1 -25 -20 1000
G1 -26 -18 1000
G1 -27 -17 1000
G1 -28 -15 1000
G1 -29 -14 1000
G1 -29 -12 1000
G1 -30 -10 1000
G1 -31 -8 1000
G1 -32 -5 1000
G1 -34 -3 1000
G1 -35 0 1000
G1 -37 4 1000
G1 -40 8 1000
G1 -45 15 1000
G1 -55 28 1000
G1 -93 72 1000
G1 -16 -14 1000
G1 -15 -14 1000
G1 -15 -13 1000
G1 -14 -12 1000
G1 -38 -35 1000
G1 -18 -16 1000
G1 12 11 1000
G1 13 11 1000
G1 13 12 1000
G1 14 12 1000
G1 14 13 1000
G1 15 13 1000
G1 106 -89 1000
G1 53 -27 1000
G1 44 -16 1000
G1 40 -10 1000
G1 37 -5 1000
G1 36 -2 1000
G1 34 1 1000
G1 33 4 1000
G1 32 6 1000
G1 31 8 1000
G1 31 10 1000
G1 30 12 1000
G1 29 14 1000
G1 29 16 1000
G1 28 17 1000
G1 27 19 1000
G1 26 20 1000
G1 25 21 1000
G1 24 23 1000
G1 23 24 1000
G1 22 25 1000
G1 20 26 1000
G1 19 27 1000
G1 17 28 1000
G1 16 29 1000
G1 14 29 1000
G1 12 30 1000
G1 10 31 1000
G1 8 33 1000
G1 6 34 1000
G1 3 36 1000
G1 0 38 1000
G1 -4 41 1000
G1 -10 46 1000
G1 -19 55 1000
G1 -55 94 1000
G1 -8 40 1000
G1 14 13 1000
G1 14 12 1000
G1 13 12 1000
G1 13 11 1000
G1 12 11 1000
G1 12 10 1000
G1 22 20 1000
G1 12 10 1000
G1 33 30 1000
G1 10 9 1000
G1 -18 -16 1000
G1 -20 -18 1000
G1 -11 -9 1000
G1 -11 -10 1000
G1 -12 -10 1000
G1 -12 -11 1000
G1 -13 -11 1000
G1 -13 -12 1000
G1 -14 -12 1000
G1 35 -70 1000
G1 42 -79 1000
G1 19 -54 1000
G1 10 -46 1000
G1 5 -41 1000
G1 1 -39 1000
G1 -2 -36 1000
G1 -5 -35 1000
G1 -7 -34 1000
G1 -9 -33 1000
G1 -12 -32 1000
G1 -14 -31 1000
G1 -15 -30 1000
G1 -17 -30 1000
G1 -19 -29 1000
G1 -21 -28 1000
G1 -22 -27 1000
G1 -23 -26 1000
G1 -25 -25 1000
G1 -26 -24 1000
G1 -27 -23 1000
G1 -28 -21 1000
G1 -29 -20 1000
G1 -29 -18 1000
G1 -30 -17 1000
G1 -31 -15 1000
G1 -31 -13 1000
G1 -32 -11 1000
G1 -32 -9 1000
G1 -33 -7 1000
G1 -33 -5 1000
G1 -34 -3 1000
G1 -35 0 1000
G1 -36 3 1000
G1 -38 7 1000
G1 -41 11 1000
G1 -45 17 1000
G1 -52 28 1000
G1 -81 61 1000
G1 -50 28 1000
G1 -14 -12 1000
G1 -13 -12 1000
G1 -13 -11 1000
G1 -12 -11 1000
G1 -9 -8 1000
G1 -10 -8 1000
G1 12 10 1000
G1 25 23 1000
G1 31 -8 1000
G1 96 -81 1000
G1 54 -32 1000
G1 45 -20 1000
G1 41 -13 1000
G1 38 -9 1000
G1 37 -5 1000
G1 36 -2 1000
G1 35 1 1000
G1 34 3 1000
G1 34 5 1000
G1 33 8 1000
G1 33 10 1000
G1 33 12 1000
G1 32 14 1000
G1 32 15 1000
G1 31 17 1000
G1 31 19 1000
G1 30 20 1000
G1 29 22 1000
G1 29 23 1000
G1 28 24 1000
G1 27 26 1000
G1 25 27 1000
G1 24 28 1000
G1 23 28 1000
G1 21 29 1000
G1 19 30 1000
G1 18 30 1000
G1 16 31 1000
G1 14 32 1000
G1 12 32 1000
G1 10 33 1000
G1 7 34 1000
G1 5 35 1000
G1 3 36 1000
G1 0 37 1000
G1 -4 39 1000
G1 -8 42 1000
G1 -13 47 1000
G1 -23 57 1000
G1 -55 92 1000
G1 -20 50 1000
G1 37 34 1000
G1 22 20 1000
G1 20 18 1000
G1 27 24 1000
G1 24 21 1000
G1 7 6 1000
G1 13 13 1000
G1 -7 -6 1000
G1 -7 -7 1000
G1 -24 -21 1000
G1 -18 -16 1000
G1 -20 -18 1000
G1 -11 -9 1000
G1 -11 -10 1000
G1 -12 -10 1000
G1 -12 -11 1000
G1 30 -61 1000
G1 52 -87 1000
G1 24 -57 1000
G1 15 -48 1000
G1 9 -43 1000
G1 5 -40 1000
G1 2 -38 1000
G1 -1 -36 1000
G1 -4 -35 1000
G1 -6 -34 1000
G1 -9 -34 1000
G1 -11 -33 1000
G1 -13 -33 1000
G1 -15 -32 1000
G1 -17 -32 1000
G1 -19 -32 1000
G1 -21 -31 1000
G1 -23 -30 1000
G1 -24 -30 1000
G1 -26 -29 1000
G1 -27 -28 1000
G1 -28 -27 1000
G1 -30 -26 1000
G1 -31 -25 1000
G1 -31 -23 1000
G1 -32 -22 1000
G1 -32 -20 1000
G1 -33 -18 1000
G1 -33 -16 1000
G1 -33 -14 1000
G1 -34 -12 1000
G1 -34 -10 1000
G1 -34 -8 1000
G1 -34 -6 1000
G1 -34 -4 1000
G1 -35 -1 1000
G1 -35 1 1000
G1 -36 4 1000
G1 -37 7 1000
G1 -39 11 1000
G1 -42 16 1000
G1 -47 24 1000
G1 -58 37 1000
G1 -105 93 1000
G1 -13 -11 1000
G1 -12 -11 1000
G1 -12 -10 1000
G1 -20 -18 1000
G1 23 21 1000
G1 86 -73 1000
G1 66 -48 1000
G1 50 -29 1000
G1 44 -20 1000
G1 40 -14 1000
G1 38 -10 1000
G1 37 -7 1000
G1 36 -4 1000
G1 35 -1 1000
G1 35 1 1000
G1 35 4 1000
G1 35 6 1000
G1 35 8 1000
G1 35 10 1000
G1 35 13 1000
G1 35 15 1000
G1 35 17 1000
G1 34 19 1000
G1 34 21 1000
G1 34 23 1000
G1 33 24 1000
G1 33 26 1000
G1 32 27 1000
G1 31 28 1000
G1 29 29 1000
G1 28 30 1000
G1 26 31 1000
G1 25 32 1000
G1 23 32 1000
G1 21 33 1000
G1 19 33 1000
G1 17 33 1000
G1 15 33 1000
G1 12 34 1000
G1 10 34 1000
G1 8 34 1000
G1 6 35 1000
G1 3 35 1000
G1 1 36 1000
G1 -2 38 1000
G1 -5 39 1000
G1 -9 42 1000
G1 -14 46 1000
G1 -22 54 1000
G1 -40 73 1000
G1 -59 93 1000
G1 23 21 1000
G1 11 9 1000
G1 20 18 1000
G1 18 16 1000
G1 24 21 1000
G1 14 12 1000
G1 6 6 1000
G1 7 6 1000
G1 -14 -12 1000
G1 -7 -7 1000
G1 -16 -14 1000
G1 -18 -16 1000
G1 -10 -8 1000
G1 -10 -9 1000
G1 -11 -9 1000
G1 -11 -10 1000
G1 74 -109 1000
G1 37 -67 1000
G1 22 -52 1000
G1 15 -45 1000
G1 10 -42 1000
G1 6 -39 1000
G1 3 -38 1000
G1 0 -36 1000
G1 -2 -36 1000
G1 -5 -35 1000
G1 -7 -35 1000
G1 -9 -34 1000
G1 -12 -34 1000
G1 -14 -34 1000
G1 -16 -34 1000
G1 -18 -34 1000
G1 -21 -34 1000
G1 -23 -34 1000
G1 -25 -34 1000
G1 -27 -33 1000
G1 -29 -33 1000
G1 -30 -32 1000
G1 -32 -31 1000
G1 -33 -30 1000
G1 -34 -29 1000
G1 -35 -27 1000
G1 -35 -25 1000
G1 -36 -23 1000
G1 -36 -21 1000
G1 -36 -19 1000
G1 -36 -17 1000
G1 -36 -15 1000
G1 -36 -13 1000
G1 -36 -11 1000
G1 -35 -8 1000
G1 -35 -6 1000
G1 -35 -4 1000
G1 -35 -1 1000
G1 -35 1 1000
G1 -36 4 1000
G1 -36 7 1000
G1 -37 10 1000
G1 -39 14 1000
G1 -41 18 1000
G1 -46 25 1000
G1 -54 36 1000
G1 -89 77 1000
G1 -44 27 1000
G1 -11 -10 1000
G1 -11 -9 1000
G1 -11 -10 1000
G1 10 9 1000
G1 93 -84 1000
G1 64 -50 1000
G1 49 -31 1000
G1 43 -23 1000
G1 40 -17 1000
G1 38 -13 1000
G1 37 -10 1000
G1 36 -7 1000
G1 35 -4 1000
G1 35 -2 1000
G1 35 1 1000
G1 35 3 1000
G1 36 6 1000
G1 36 8 1000
G1 36 10 1000
G1 37 13 1000
G1 37 15 1000
G1 38 18 1000
G1 38 20 1000
G1 38 22 1000
G1 38 24 1000
G1 38 27 1000
G1 37 28 1000
G1 37 30 1000
G1 36 32 1000
G1 35 33 1000
G1 33 34 1000
G1 31 34 1000
G1 29 35 1000
G1 27 35 1000
G1 25 35 1000
G1 23 35 1000
G1 20 35 1000
G1 18 35 1000
G1 15 35 1000
G1 13 35 1000
G1 10 35 1000
G1 8 35 1000
G1 6 35 1000
G1 3 35 1000
G1 1 36 1000
G1 -2 36 1000
G1 -4 37 1000
G1 -8 39 1000
G1 -11 41 1000
G1 -16 45 1000
G1 -23 51 1000
G1 -36 65 1000
G1 -84 118 1000
G1 20 18 1000
G1 18 16 1000
G1 24 21 1000
G1 35 30 1000
G1 -6 -6 1000
G1 -14 -12 1000
G1 -7 -7 1000
G1 -16 -14 1000
G1 -18 -16 1000
G1 -10 -9 1000
G1 88 -121 1000
G1 37 -65 1000
G1 24 -51 1000
G1 17 -45 1000
G1 13 -41 1000
G1 9 -39 1000
G1 6 -37 1000
G1 3 -36 1000
G1 1 -36 1000
G1 -2 -35 1000
G1 -4 -35 1000
G1 -7 -35 1000
G1 -9 -35 1000
G1 -12 -35 1000
G1 -14 -36 1000
G1 -17 -36 1000
G1 -19 -36 1000
G1 -22 -37 1000
G1 -25 -37 1000
G1 -27 -37 1000
G1 -30 -37 1000
G1 -32 -37 1000
G1 -34 -37 1000
G1 -36 -36 1000
G1 -38 -35 1000
G1 -39 -34 1000
G1 -40 -32 1000
G1 -40 -30 1000
G1 -41 -28 1000
G1 -40 -26 1000
G1 -40 -23 1000
G1 -40 -20 1000
G1 -39 -18 1000
G1 -38 -15 1000
G1 -38 -13 1000
G1 -37 -10 1000
G1 -36 -8 1000
G1 -36 -5 1000
G1 -35 -3 1000
G1 -35 0 1000
G1 -35 2 1000
G1 -35 5 1000
G1 -35 7 1000
G1 -36 10 1000
G1 -37 13 1000
G1 -39 17 1000
G1 -41 22 1000
G1 -46 29 1000
G1 -56 41 1000
G1 -111 106 1000
G1 -18 0 1000
G1 -22 -20 1000
G1 74 -66 1000
G1 73 -63 1000
G1 51 -37 1000
G1 44 -27 1000
G1 40 -21 1000
G1 38 -17 1000
G1 36 -14 1000
G1 35 -11 1000
G1 35 -8 1000
G1 35 -5 1000
G1 35 -3 1000
G1 35 -1 1000
G1 35 2 1000
G1 36 4 1000
G1 37 7 1000
G1 38 10 1000
G1 39 12 1000
G1 40 15 1000
G1 41 18 1000
G1 42 21 1000
G1 42 24 1000
G1 43 27 1000
G1 43 29 1000
G1 43 32 1000
G1 43 34 1000
G1 42 36 1000
G1 41 37 1000
G1 40 38 1000
G1 38 39 1000
G1 35 40 1000
G1 33 40 1000
G1 30 40 1000
G1 27 39 1000
G1 24 39 1000
G1 21 38 1000
G1 18 37 1000
G1 15 37 1000
G1 13 36 1000
G1 10 36 1000
G1 7 35 1000
G1 5 35 1000
G1 2 35 1000
G1 0 35 1000
G1 -2 36 1000
G1 -5 36 1000
G1 -8 37 1000
G1 -11 39 1000
G1 -14 41 1000
G1 -19 45 1000
G1 -26 51 1000
G1 -39 66 1000
G1 -87 119 1000
G1 9 8 1000
G1 8 8 1000
G1 16 14 1000
G1 14 12 1000
G1 6 6 1000
G1 6 5 1000
G1 7 7 1000
G1 8 7 1000
G1 -12 -10 1000
G1 -6 -6 1000
G1 -14 -12 1000
G1 -16 -14 1000
G1 83 -112 1000
G1 43 -68 1000
G1 28 -52 1000
G1 21 -45 1000
G1 16 -41 1000
G1 12 -39 1000
G1 9 -37 1000
G1 7 -36 1000
G1 4 -35 1000
G1 2 -35 1000
G1 -1 -35 1000
G1 -3 -35 1000
G1 -5 -35 1000
G1 -8 -36 1000
G1 -11 -36 1000
G1 -14 -37 1000
G1 -17 -38 1000
G1 -20 -39 1000
G1 -23 -40 1000
G1 -26 -41 1000
G1 -30 -42 1000
G1 -33 -42 1000
G1 -36 -43 1000
G1 -39 -43 1000
G1 -42 -42 1000
G1 -44 -42 1000
G1 -45 -40 1000
G1 -46 -38 1000
G1 -47 -36 1000
G1 -47 -34 1000
G1 -46 -31 1000
G1 -46 -27 1000
G1 -44 -24 1000
G1 -43 -21 1000
G1 -42 -18 1000
G1 -41 -15 1000
G1 -39 -12 1000
G1 -38 -9 1000
G1 -37 -6 1000
G1 -36 -3 1000
G1 -35 -1 1000
G1 -35 2 1000
G1 -34 4 1000
G1 -34 6 1000
G1 -34 9 1000
G1 -35 11 1000
G1 -35 14 1000
G1 -37 17 1000
G1 -39 21 1000
G1 -42 27 1000
G1 -48 35 1000
G1 -63 53 1000
G1 -96 93 1000
G1 -11 -10 1000
G1 -12 -10 1000
G1 111 -110 1000
G1 58 -49 1000
G1 46 -34 1000
G1 41 -27 1000
G1 38 -22 1000
G1 36 -18 1000
G1 35 -15 1000
G1 34 -12 1000
G1 34 -10 1000
G1 34 -7 1000
G1 34 -5 1000
G1 34 -3 1000
G1 35 0 1000
G1 36 2 1000
G1 37 5 1000
G1 38 8 1000
G1 40 11 1000
G1 41 14 1000
G1 43 17 1000
G1 45 21 1000
G1 47 25 1000
G1 48 28 1000
G1 50 32 1000
G1 51 36 1000
G1 51 39 1000
G1 51 42 1000
G1 50 44 1000
G1 49 45 1000
G1 46 46 1000
G1 44 46 1000
G1 40 46 1000
G1 36 45 1000
G1 33 44 1000
G1 29 43 1000
G1 25 42 1000
G1 21 40 1000
G1 18 39 1000
G1 14 38 1000
G1 11 37 1000
G1 8 36 1000
G1 6 35 1000
G1 3 35 1000
G1 1 35 1000
G1 -2 34 1000
G1 -4 35 1000
G1 -6 35 1000
G1 -9 36 1000
G1 -11 37 1000
G1 -14 39 1000
G1 -18 41 1000
G1 -23 46 1000
G1 -31 54 1000
G1 -50 74 1000
G1 -72 98 1000
G1 7 7 1000
G1 14 12 1000
G1 12 10 1000
G1 5 5 1000
G1 16 14 1000
G1 -10 -10 1000
G1 -12 -10 1000
G1 -7 -6 1000
G1 53 -75 1000
G1 61 -85 1000
G1 35 -56 1000
G1 26 -47 1000
G1 20 -42 1000
G1 17 -39 1000
G1 13 -37 1000
G1 11 -35 1000
G1 8 -35 1000
G1 6 -34 1000
G1 4 -34 1000
G1 2 -34 1000
G1 -1 -34 1000
G1 -3 -35 1000
G1 -6 -36 1000
G1 -9 -36 1000
G1 -12 -38 1000
G1 -15 -39 1000
G1 -19 -41 1000
G1 -23 -42 1000
G1 -27 -44 1000
G1 -31 -46 1000
G1 -36 -48 1000
G1 -41 -49 1000
G1 -45 -50 1000
G1 -49 -51 1000
G1 -52 -51 1000
G1 -55 -50 1000
G1 -56 -48 1000
G1 -57 -45 1000
G1 -56 -42 1000
G1 -55 -38 1000
G1 -53 -33 1000
G1 -51 -29 1000
G1 -48 -24 1000
G1 -46 -20 1000
G1 -44 -16 1000
G1 -42 -13 1000
G1 -40 -9 1000
G1 -38 -6 1000
G1 -37 -3 1000
G1 -35 -1 1000
G1 -34 2 1000
G1 -34 4 1000
G1 -33 6 1000
G1 -33 9 1000
G1 -33 11 1000
G1 -33 13 1000
G1 -34 16 1000
G1 -35 19 1000
G1 -37 23 1000
G1 -40 27 1000
G1 -45 34 1000
G1 -55 47 1000
G1 -120 123 1000
G1 14 -40 1000
G1 -2 -21 1000
G1 91 -90 1000
G1 53 -46 1000
G1 43 -35 1000
G1 39 -28 1000
G1 36 -23 1000
G1 34 -20 1000
G1 33 -17 1000
G1 32 -15 1000
G1 32 -12 1000
G1 32 -10 1000
G1 32 -8 1000
G1 33 -6 1000
G1 34 -4 1000
G1 35 -1 1000
G1 36 1 1000
G1 37 4 1000
G1 39 7 1000
G1 41 11 1000
G1 44 15 1000
G1 47 19 1000
G1 50 24 1000
G1 53 29 1000
G1 56 34 1000
G1 59 39 1000
G1 61 45 1000
G1 63 49 1000
G1 63 53 1000
G1 62 55 1000
G1 60 57 1000
G1 56 57 1000
G1 51 56 1000
G1 46 54 1000
G1 40 52 1000
G1 34 49 1000
G1 29 47 1000
G1 24 44 1000
G1 20 42 1000
G1 16 40 1000
G1 12 38 1000
G1 9 37 1000
G1 6 36 1000
G1 3 35 1000
G1 0 34 1000
G1 -2 33 1000
G1 -4 33 1000
G1 -6 33 1000
G1 -8 34 1000
G1 -11 34 1000
G1 -13 35 1000
G1 -16 37 1000
G1 -19 39 1000
G1 -23 43 1000
G1 -29 48 1000
G1 -41 61 1000
G1 -108 136 1000
G1 12 10 1000
G1 5 5 1000
G1 10 8 1000
G1 18 16 1000
G1 -4 -4 1000
G1 -10 -8 1000
G1 -5 -5 1000
G1 88 -112 1000
G1 49 -68 1000
G1 33 -51 1000
G1 26 -44 1000
G1 21 -39 1000
G1 18 -37 1000
G1 15 -35 1000
G1 13 -34 1000
G1 11 -33 1000
G1 9 -32 1000
G1 7 -32 1000
G1 5 -32 1000
G1 2 -33 1000
G1 0 -33 1000
G1 -2 -34 1000
G1 -5 -35 1000
G1 -8 -37 1000
G1 -12 -39 1000
G1 -16 -41 1000
G1 -20 -43 1000
G1 -25 -46 1000
G1 -31 -49 1000
G1 -38 -53 1000
G1 -45 -56 1000
G1 -52 -60 1000
G1 -59 -63 1000
G1 -65 -64 1000
G1 -69 -64 1000
G1 -72 -63 1000
G1 -72 -59 1000
G1 -70 -54 1000
G1 -67 -47 1000
G1 -63 -41 1000
G1 -59 -34 1000
G1 -54 -28 1000
G1 -50 -22 1000
G1 -47 -17 1000
G1 -43 -13 1000
G1 -41 -9 1000
G1 -38 -5 1000
G1 -36 -2 1000
G1 -35 1 1000
G1 -33 3 1000
G1 -32 6 1000
G1 -32 8 1000
G1 -31 10 1000
G1 -31 12 1000
G1 -31 14 1000
G1 -31 16 1000
G1 -32 18 1000
G1 -33 21 1000
G1 -35 25 1000
G1 -38 29 1000
G1 -43 35 1000
G1 -52 47 1000
G1 -85 86 1000
G1 -11 -11 1000
G1 -13 -9 1000
G1 85 -87 1000
G1 51 -48 1000
G1 42 -36 1000
G1 37 -30 1000
G1 34 -26 1000
G1 32 -22 1000
G1 31 -20 1000
G1 30 -18 1000
G1 30 -15 1000
G1 30 -14 1000
G1 30 -12 1000
G1 30 -10 1000
G1 31 -8 1000
G1 32 -6 1000
G1 33 -3 1000
G1 35 -1 1000
G1 37 2 1000
G1 39 6 1000
G1 42 10 1000
G1 46 14 1000
G1 50 20 1000
G1 55 26 1000
G1 60 33 1000
G1 67 41 1000
G1 73 50 1000
G1 78 58 1000
G1 82 66 1000
G1 84 72 1000
G1 82 75 1000
G1 76 74 1000
G1 69 72 1000
G1 59 67 1000
G1 50 62 1000
G1 41 57 1000
G1 33 52 1000
G1 26 48 1000
G1 21 44 1000
G1 15 41 1000
G1 11 39 1000
G1 7 37 1000
G1 4 35 1000
G1 1 34 1000
G1 -1 33 1000
G1 -3 32 1000
G1 -5 32 1000
G1 -7 31 1000
G1 -9 31 1000
G1 -11 32 1000
G1 -13 32 1000
G1 -15 33 1000
G1 -18 35 1000
G1 -21 37 1000
G1 -24 40 1000
G1 -30 45 1000
G1 -39 55 1000
G1 -121 157 1000
G1 8 8 1000
G1 4 3 1000
G1 18 16 1000
G1 -3 -3 1000
G1 -8 -6 1000
G1 102 -125 1000
G1 47 -63 1000
G1 34 -48 1000
G1 28 -42 1000
G1 23 -38 1000
G1 20 -35 1000
G1 18 -33 1000
G1 16 -32 1000
G1 14 -31 1000
G1 12 -30 1000
G1 10 -30 1000
G1 8 -30 1000
G1 7 -30 1000
G1 5 -31 1000
G1 3 -32 1000
G1 0 -33 1000
G1 -3 -34 1000
G1 -6 -36 1000
G1 -10 -38 1000
G1 -14 -41 1000
G1 -20 -45 1000
G1 -27 -49 1000
G1 -35 -55 1000
G1 -45 -62 1000
G1 -57 -69 1000
G1 -69 -77 1000
G1 -82 -84 1000
G1 -93 -89 1000
G1 -99 -89 1000
G1 -99 -84 1000
G1 -95 -74 1000
G1 -87 -63 1000
G1 -77 -51 1000
G1 -68 -40 1000
G1 -60 -30 1000
G1 -53 -22 1000
G1 -48 -16 1000
G1 -43 -10 1000
G1 -40 -6 1000
G1 -37 -2 1000
G1 -34 1 1000
G1 -33 4 1000
G1 -31 6 1000
G1 -30 8 1000
G1 -29 10 1000
G1 -29 12 1000
G1 -29 14 1000
G1 -28 15 1000
G1 -29 17 1000
G1 -29 19 1000
G1 -30 21 1000
G1 -31 24 1000
G1 -33 27 1000
G1 -37 31 1000
G1 -42 38 1000
G1 -51 50 1000
G1 -91 96 1000
G1 -22 1 1000
G1 -36 17 1000
G1 119 -129 1000
G1 52 -53 1000
G1 42 -40 1000
G1 36 -33 1000
G1 33 -29 1000
G1 31 -25 1000
G1 29 -23 1000
G1 28 -21 1000
G1 28 -19 1000
G1 27 -17 1000
G1 27 -16 1000
G1 27 -14 1000
G1 27 -12 1000
G1 28 -11 1000
G1 29 -9 1000
G1 30 -7 1000
G1 32 -5 1000
G1 34 -2 1000
G1 36 1 1000
G1 40 5 1000
G1 44 10 1000
G1 50 17 1000
G1 57 25 1000
G1 67 35 1000
G1 79 49 1000
G1 93 65 1000
G1 108 83 1000
G1 120 99 1000
G1 124 109 1000
G1 118 110 1000
G1 102 102 1000
G1 82 90 1000
G1 64 77 1000
G1 48 66 1000
G1 36 57 1000
G1 26 50 1000
G1 18 44 1000
G1 12 40 1000
G1 8 37 1000
G1 4 35 1000
G1 1 33 1000
G1 -2 31 1000
G1 -4 30 1000
G1 -6 30 1000
G1 -8 29 1000
G1 -10 29 1000
G1 -11 29 1000
G1 -13 29 1000
G1 -15 30 1000
G1 -16 30 1000
G1 -18 32 1000
G1 -20 33 1000
G1 -49 74 1000
G1 -31 44 1000
G1 -40 53 1000
G1 -129 161 1000
G1 3 3 1000
G1 3 2 1000
G1 20 18 1000
G1 -4 -4 1000
G1 104 -124 1000
G1 50 -62 1000
G1 36 -47 1000
G1 30 -40 1000
G1 26 -36 1000
G1 23 -33 1000
G1 21 -31 1000
G1 19 -30 1000
G1 17 -29 1000
G1 16 -28 1000
G1 14 -28 1000
G1 13 -27 1000
G1 11 -27 1000
G1 10 -27 1000
G1 8 -28 1000
G1 7 -28 1000
G1 5 -29 1000
G1 2 -31 1000
G1 0 -32 1000
G1 -4 -35 1000
G1 -9 -38 1000
G1 -15 -42 1000
G1 -23 -49 1000
G1 -34 -57 1000
G1 -49 -69 1000
G1 -71 -86 1000
G1 -100 -107 1000
G1 -133 -131 1000
G1 -159 -146 1000
G1 -164 -141 1000
G1 -145 -117 1000
G1 -118 -87 1000
G1 -93 -61 1000
G1 -74 -41 1000
G1 -61 -27 1000
G1 -51 -17 1000
G1 -44 -9 1000
G1 -39 -4 1000
G1 -35 0 1000
G1 -32 4 1000
G1 -30 6 1000
G1 -28 8 1000
G1 -27 10 1000
G1 -26 12 1000
G1 -26 13 1000
G1 -25 15 1000
G1 -25 16 1000
G1 -25 18 1000
G1 -26 19 1000
G1 -26 21 1000
G1 -27 22 1000
G1 -58 52 1000
G1 -32 30 1000
G1 -36 35 1000
G1 -42 42 1000
G1 -54 57 1000
G1 -109 120 1000
G1 -22 -20 1000
G1 95 -106 1000
G1 58 -63 1000
G1 43 -45 1000
G1 36 -37 1000
G1 61 -61 1000
G1 27 -26 1000
G1 26 -24 1000
G1 49 -43 1000
G1 24 -20 1000
G1 23 -18 1000
G1 23 -17 1000
G1 23 -16 1000
G1 24 -15 1000
G1 24 -14 1000
G1 25 -12 1000
G1 26 -11 1000
G1 27 -9 1000
G1 29 -7 1000
G1 32 -4 1000
G1 35 0 1000
G1 41 6 1000
G1 49 14 1000
G1 61 26 1000
G1 81 45 1000
G1 113 76 1000
G1 164 127 1000
G1 224 189 1000
G1 241 217 1000
G1 188 181 1000
G1 121 129 1000
G1 73 91 1000
G1 45 67 1000
G1 27 53 1000
G1 16 44 1000
G1 8 38 1000
G1 3 34 1000
G1 -1 31 1000
G1 -4 29 1000
G1 -6 28 1000
G1 -8 27 1000
G1 -10 26 1000
G1 -11 26 1000
G1 -12 25 1000
G1 -13 25 1000
G1 -15 26 1000
G1 -16 26 1000
G1 -17 26 1000
G1 -18 27 1000
G1 -20 28 1000
G1 -21 30 1000
G1 -23 31 1000
G1 -55 72 1000
G1 -34 43 1000
G1 -43 53 1000
G1 -128 152 1000
G1 1 1 1000
G1 10 9 1000
G1 11 9 1000
G1 -1 -1 1000
G1 92 -107 1000
G1 56 -66 1000
G1 102 -123 1000
G1 26 -32 1000
G1 24 -30 1000
G1 43 -55 1000
G1 19 -26 1000
G1 18 -25 1000
G1 34 -48 1000
G1 16 -23 1000
G1 15 -23 1000
G1 14 -23 1000
G1 13 -23 1000
G1 12 -23 1000
G1 11 -24 1000
G1 9 -25 1000
G1 8 -26 1000
G1 5 -27 1000
G1 2 -30 1000
G1 -3 -34 1000
G1 -12 -41 1000
G1 -26 -53 1000
G1 -56 -79 1000
G1 -127 -139 1000
G1 -307 -291 1000
G1 -462 -408 1000
G1 -275 -223 1000
G1 -132 -90 1000
G1 -76 -38 1000
G1 -52 -16 1000
G1 -40 -4 1000
G1 -33 2 1000
G1 -29 6 1000
G1 -26 9 1000
G1 -24 11 1000
G1 -23 13 1000
G1 -22 14 1000
G1 -21 15 1000
G1 -21 16 1000
G1 -21 17 1000
G1 -21 18 1000
G1 -21 19 1000
G1 -43 41 1000
G1 -69 69 1000
G1 -52 54 1000
G1 -61 65 1000
G1 -36 39 1000
G1 -185 206 1000
G1 -22 -20 1000
G1 208 -238 1000
G1 32 -36 1000
G1 54 -62 1000
G1 24 -28 1000
G1 66 -75 1000
G1 39 -45 1000
G1 19 -21 1000
G1 18 -21 1000
G1 18 -20 1000
G1 17 -20 1000
G1 131 -147 1000
G1 32 -34 1000
G1 17 -16 1000
G1 22 -12 1000
G1 1661 1450 1000
G1 114 132 1000
G1 -10 22 1000
G1 -14 19 1000
G1 -60 72 1000
G1 -32 36 1000
G1 -32 38 1000
G1 -17 19 1000
G1 -34 40 1000
G1 -18 20 1000
G1 -18 21 1000
G1 -19 21 1000
G1 -60 69 1000
G1 -45 51 1000
G1 -50 58 1000
G1 -29 33 1000
G1 -70 81 1000
G1 -165 188 1000
G1 22 20 1000
G1 216 -241 1000
G1 32 -35 1000
G1 29 -31 1000
G1 76 -79 1000
G1 45 -45 1000
G1 43 -41 1000
G1 21 -19 1000
G1 21 -18 1000
G1 21 -17 1000
G1 42 -32 1000
G1 22 -14 1000
G1 22 -13 1000
G1 24 -12 1000
G1 25 -10 1000
G1 28 -7 1000
G1 31 -3 1000
G1 38 2 1000
G1 48 13 1000
G1 70 32 1000
G1 117 76 1000
G1 243 193 1000
G1 462 404 1000
G1 352 329 1000
G1 144 154 1000
G1 62 84 1000
G1 28 55 1000
G1 12 42 1000
G1 4 35 1000
G1 -2 30 1000
G1 -5 27 1000
G1 -8 26 1000
G1 -9 25 1000
G1 -11 24 1000
G1 -12 23 1000
G1 -13 23 1000
G1 -14 23 1000
G1 -15 23 1000
G1 -32 46 1000
G1 -17 24 1000
G1 -18 25 1000
G1 -39 51 1000
G1 -45 57 1000
G1 -26 32 1000
G1 -28 35 1000
G1 -32 39 1000
G1 -194 227 1000
G1 1 1 1000
G1 -22 -18 1000
G1 -1 -1 1000
G1 74 -87 1000
G1 63 -75 1000
G1 42 -51 1000
G1 62 -79 1000
G1 25 -33 1000
G1 23 -31 1000
G1 21 -29 1000
G1 19 -28 1000
G1 18 -27 1000
G1 17 -26 1000
G1 16 -26 1000
G1 14 -25 1000
G1 13 -25 1000
G1 12 -25 1000
G1 11 -26 1000
G1 10 -26 1000
G1 8 -27 1000
G1 6 -28 1000
G1 4 -29 1000
G1 1 -31 1000
G1 -3 -34 1000
G1 -9 -39 1000
G1 -17 -45 1000
G1 -29 -54 1000
G1 -48 -70 1000
G1 -79 -95 1000
G1 -130 -137 1000
G1 -201 -192 1000
G1 -248 -221 1000
G1 -219 -182 1000
G1 -155 -118 1000
G1 -107 -70 1000
G1 -76 -41 1000
G1 -58 -23 1000
G1 -47 -12 1000
G1 -39 -4 1000
G1 -34 1 1000
G1 -31 4 1000
G1 -28 7 1000
G1 -27 9 1000
G1 -25 11 1000
G1 -24 13 1000
G1 -24 14 1000
G1 -23 15 1000
G1 -23 16 1000
G1 -23 18 1000
G1 -23 19 1000
G1 -24 20 1000
G1 -24 21 1000
G1 -51 47 1000
G1 -58 56 1000
G1 -69 71 1000
G1 -44 47 1000
G1 -63 69 1000
G1 -83 92 1000
G1 22 20 1000
G1 99 -108 1000
G1 58 -61 1000
G1 43 -44 1000
G1 37 -36 1000
G1 63 -59 1000
G1 28 -25 1000
G1 27 -23 1000
G1 26 -21 1000
G1 26 -19 1000
G1 25 -18 1000
G1 25 -17 1000
G1 25 -15 1000
G1 26 -14 1000
G1 26 -12 1000
G1 27 -11 1000
G1 28 -9 1000
G1 30 -7 1000
G1 32 -4 1000
G1 34 -1 1000
G1 38 3 1000
G1 43 8 1000
G1 49 15 1000
G1 59 25 1000
G1 72 38 1000
G1 90 57 1000
G1 114 82 1000
G1 142 113 1000
G1 164 140 1000
G1 163 148 1000
G1 139 135 1000
G1 105 111 1000
G1 75 89 1000
G1 52 71 1000
G1 36 59 1000
G1 24 50 1000
G1 15 43 1000
G1 9 39 1000
G1 4 35 1000
G1 1 33 1000
G1 -2 31 1000
G1 -5 29 1000
G1 -7 28 1000
G1 -8 28 1000
G1 -10 27 1000
G1 -11 27 1000
G1 -13 27 1000
G1 -14 28 1000
G1 -15 28 1000
G1 -17 29 1000
G1 -19 30 1000
G1 -20 31 1000
G1 -48 69 1000
G1 -29 39 1000
G1 -35 46 1000
G1 -46 58 1000
G1 -114 135 1000
G1 4 4 1000
G1 -20 -18 1000
G1 -3 -2 1000
G1 -3 -3 1000
G1 81 -99 1000
G1 56 -71 1000
G1 38 -51 1000
G1 30 -43 1000
G1 26 -38 1000
G1 23 -35 1000
G1 20 -33 1000
G1 18 -31 1000
G1 16 -30 1000
G1 14 -29 1000
G1 13 -29 1000
G1 11 -29 1000
G1 10 -29 1000
G1 8 -29 1000
G1 6 -30 1000
G1 4 -30 1000
G1 2 -31 1000
G1 -1 -33 1000
G1 -4 -35 1000
G1 -8 -37 1000
G1 -13 -41 1000
G1 -19 -45 1000
G1 -27 -51 1000
G1 -37 -58 1000
G1 -50 -68 1000
G1 -67 -79 1000
G1 -86 -92 1000
G1 -105 -104 1000
G1 -120 -111 1000
G1 -125 -109 1000
G1 -120 -97 1000
G1 -106 -80 1000
G1 -91 -62 1000
G1 -77 -46 1000
G1 -65 -33 1000
G1 -56 -23 1000
G1 -49 -16 1000
G1 -43 -9 1000
G1 -39 -5 1000
G1 -36 -1 1000
G1 -33 2 1000
G1 -31 5 1000
G1 -30 7 1000
G1 -29 9 1000
G1 -28 11 1000
G1 -27 13 1000
G1 -27 14 1000
G1 -27 16 1000
G1 -27 18 1000
G1 -28 19 1000
G1 -28 21 1000
G1 -29 23 1000
G1 -31 26 1000
G1 -33 29 1000
G1 -37 34 1000
G1 -43 41 1000
G1 -55 56 1000
G1 -110 119 1000
G1 24 20 1000
G1 116 -125 1000
G1 54 -53 1000
G1 43 -39 1000
G1 37 -32 1000
G1 34 -28 1000
G1 32 -24 1000
G1 30 -22 1000
G1 29 -20 1000
G1 29 -18 1000
G1 28 -16 1000
G1 28 -14 1000
G1 29 -12 1000
G1 29 -10 1000
G1 30 -8 1000
G1 31 -6 1000
G1 32 -4 1000
G1 34 -1 1000
G1 36 2 1000
G1 39 5 1000
G1 43 10 1000
G1 47 15 1000
G1 52 21 1000
G1 59 29 1000
G1 67 38 1000
G1 76 49 1000
G1 86 61 1000
G1 94 73 1000
G1 100 83 1000
G1 100 89 1000
G1 95 89 1000
G1 85 85 1000
G1 72 78 1000
G1 59 70 1000
G1 47 63 1000
G1 37 56 1000
G1 28 50 1000
G1 21 45 1000
G1 15 42 1000
G1 10 39 1000
G1 6 36 1000
G1 3 34 1000
G1 0 33 1000
G1 -2 32 1000
G1 -4 31 1000
G1 -6 30 1000
G1 -8 30 1000
G1 -10 30 1000
G1 -12 30 1000
G1 -14 31 1000
G1 -15 32 1000
G1 -17 33 1000
G1 -20 35 1000
G1 -23 37 1000
G1 -27 41 1000
G1 -33 47 1000
G1 -44 59 1000
G1 -102 125 1000
G1 -7 15 1000
G1 4 3 1000
G1 3 3 1000
G1 -10 -8 1000
G1 -9 -8 1000
G1 -4 -3 1000
G1 -8 -8 1000
G1 72 -92 1000
G1 57 -75 1000
G1 37 -53 1000
G1 29 -44 1000
G1 24 -40 1000
G1 20 -37 1000
G1 17 -35 1000
G1 15 -33 1000
G1 13 -32 1000
G1 11 -32 1000
G1 9 -31 1000
G1 7 -31 1000
G1 5 -32 1000
G1 3 -32 1000
G1 1 -33 1000
G1 -2 -34 1000
G1 -5 -35 1000
G1 -8 -37 1000
G1 -12 -39 1000
G1 -16 -42 1000
G1 -21 -45 1000
G1 -27 -49 1000
G1 -35 -53 1000
G1 -43 -58 1000
G1 -52 -63 1000
G1 -61 -68 1000
G1 -70 -73 1000
G1 -78 -75 1000
G1 -83 -75 1000
G1 -84 -71 1000
G1 -82 -65 1000
G1 -78 -57 1000
G1 -72 -49 1000
G1 -66 -40 1000
G1 -60 -32 1000
G1 -54 -25 1000
G1 -49 -19 1000
G1 -45 -13 1000
G1 -42 -9 1000
G1 -39 -5 1000
G1 -36 -2 1000
G1 -34 1 1000
G1 -33 4 1000
G1 -32 6 1000
G1 -31 8 1000
G1 -30 10 1000
G1 -30 12 1000
G1 -30 14 1000
G1 -30 16 1000
G1 -30 18 1000
G1 -31 20 1000
G1 -33 23 1000
G1 -35 26 1000
G1 -38 31 1000
G1 -43 38 1000
G1 -54 51 1000
G1 -120 127 1000
G1 24 20 1000
G1 120 -126 1000
G1 54 -49 1000
G1 43 -37 1000
G1 38 -30 1000
G1 35 -25 1000
G1 33 -22 1000
G1 32 -19 1000
G1 31 -16 1000
G1 31 -14 1000
G1 31 -12 1000
G1 31 -10 1000
G1 31 -8 1000
G1 32 -6 1000
G1 33 -4 1000
G1 34 -1 1000
G1 36 2 1000
G1 38 5 1000
G1 40 8 1000
G1 43 12 1000
G1 46 16 1000
G1 50 21 1000
G1 54 27 1000
G1 58 33 1000
G1 63 40 1000
G1 67 47 1000
G1 70 53 1000
G1 72 58 1000
G1 72 62 1000
G1 70 65 1000
G1 66 65 1000
G1 60 63 1000
G1 53 60 1000
G1 46 57 1000
G1 39 53 1000
G1 32 50 1000
G1 26 47 1000
G1 21 44 1000
G1 16 41 1000
G1 12 39 1000
G1 9 37 1000
G1 6 36 1000
G1 3 34 1000
G1 0 34 1000
G1 -2 33 1000
G1 -4 32 1000
G1 -6 32 1000
G1 -8 32 1000
G1 -10 33 1000
G1 -13 34 1000
G1 -15 35 1000
G1 -18 36 1000
G1 -21 39 1000
G1 -25 43 1000
G1 -32 49 1000
G1 -45 64 1000
G1 -99 125 1000
G1 5 5 1000
G1 10 8 1000
G1 4 4 1000
G1 -18 -16 1000
G1 -10 -8 1000
G1 -5 -5 1000
G1 -6 -5 1000
G1 41 -59 1000
G1 70 -93 1000
G1 38 -58 1000
G1 28 -47 1000
G1 22 -42 1000
G1 18 -39 1000
G1 15 -36 1000
G1 13 -35 1000
G1 10 -34 1000
G1 8 -33 1000
G1 6 -33 1000
G1 4 -33 1000
G1 2 -33 1000
G1 -1 -34 1000
G1 -3 -35 1000
G1 -6 -36 1000
G1 -9 -37 1000
G1 -12 -38 1000
G1 -16 -40 1000
G1 -20 -42 1000
G1 -25 -45 1000
G1 -30 -47 1000
G1 -35 -50 1000
G1 -41 -52 1000
G1 -47 -54 1000
G1 -52 -56 1000
G1 -57 -57 1000
G1 -60 -57 1000
G1 -63 -55 1000
G1 -64 -53 1000
G1 -63 -49 1000
G1 -61 -44 1000
G1 -59 -39 1000
G1 -56 -33 1000
G1 -53 -28 1000
G1 -49 -23 1000
G1 -46 -18 1000
G1 -44 -14 1000
G1 -41 -10 1000
G1 -39 -7 1000
G1 -37 -4 1000
G1 -36 -1 1000
G1 -34 2 1000
G1 -33 4 1000
G1 -33 6 1000
G1 -32 8 1000
G1 -32 11 1000
G1 -32 13 1000
G1 -32 15 1000
G1 -33 18 1000
G1 -34 20 1000
G1 -36 24 1000
G1 -39 29 1000
G1 -44 36 1000
G1 -55 49 1000
G1 -118 121 1000
G1 24 20 1000
G1 112 -113 1000
G1 57 -50 1000
G1 46 -36 1000
G1 40 -28 1000
G1 37 -23 1000
G1 35 -19 1000
G1 34 -16 1000
G1 33 -14 1000
G1 33 -11 1000
G1 33 -9 1000
G1 33 -7 1000
G1 34 -5 1000
G1 34 -2 1000
G1 35 0 1000
G1 36 3 1000
G1 38 6 1000
G1 39 9 1000
G1 41 12 1000
G1 43 16 1000
G1 46 20 1000
G1 48 24 1000
G1 50 28 1000
G1 53 33 1000
G1 55 37 1000
G1 56 41 1000
G1 57 45 1000
G1 57 48 1000
G1 55 50 1000
G1 53 51 1000
G1 50 51 1000
G1 46 51 1000
G1 41 50 1000
G1 37 48 1000
G1 32 46 1000
G1 28 44 1000
G1 23 43 1000
G1 19 41 1000
G1 16 39 1000
G1 12 38 1000
G1 9 37 1000
G1 6 36 1000
G1 4 35 1000
G1 1 34 1000
G1 -1 34 1000
G1 -4 34 1000
G1 -6 34 1000
G1 -8 34 1000
G1 -10 35 1000
G1 -13 36 1000
G1 -16 38 1000
G1 -20 41 1000
G1 -25 46 1000
G1 -33 54 1000
G1 -53 76 1000
G1 -69 93 1000
G1 7 6 1000
G1 12 10 1000
G1 10 10 1000
G1 -16 -14 1000
G1 -18 -15 1000
G1 -14 -12 1000
G1 -7 -7 1000
G1 85 -113 1000
G1 45 -68 1000
G1 29 -52 1000
G1 22 -45 1000
G1 17 -41 1000
G1 14 -38 1000
G1 11 -37 1000
G1 8 -36 1000
G1 6 -35 1000
G1 4 -34 1000
G1 1 -34 1000
G1 -1 -35 1000
G1 -4 -35 1000
G1 -6 -35 1000
G1 -9 -36 1000
G1 -12 -37 1000
G1 -15 -38 1000
G1 -18 -39 1000
G1 -22 -41 1000
G1 -25 -42 1000
G1 -29 -43 1000
G1 -33 -45 1000
G1 -37 -46 1000
G1 -41 -46 1000
G1 -44 -47 1000
G1 -47 -46 1000
G1 -49 -45 1000
G1 -51 -44 1000
G1 -51 -41 1000
G1 -51 -38 1000
G1 -51 -35 1000
G1 -50 -31 1000
G1 -48 -28 1000
G1 -46 -24 1000
G1 -45 -20 1000
G1 -43 -17 1000
G1 -41 -13 1000
G1 -39 -10 1000
G1 -38 -7 1000
G1 -37 -4 1000
G1 -36 -2 1000
G1 -35 1 1000
G1 -34 3 1000
G1 -34 5 1000
G1 -34 8 1000
G1 -34 10 1000
G1 -34 13 1000
G1 -35 15 1000
G1 -36 19 1000
G1 -38 22 1000
G1 -41 28 1000
G1 -47 36 1000
G1 -61 53 1000
G1 -102 100 1000
G1 22 20 1000
G1 86 -81 1000
G1 67 -58 1000
G1 50 -37 1000
G1 43 -28 1000
G1 39 -22 1000
G1 37 -18 1000
G1 35 -15 1000
G1 35 -12 1000
G1 34 -9 1000
G1 34 -7 1000
G1 34 -4 1000
G1 35 -2 1000
G1 35 1 1000
G1 36 3 1000
G1 37 6 1000
G1 38 8 1000
G1 39 11 1000
G1 40 14 1000
G1 42 17 1000
G1 43 20 1000
G1 44 24 1000
G1 46 27 1000
G1 46 30 1000
G1 47 33 1000
G1 47 36 1000
G1 47 38 1000
G1 46 40 1000
G1 44 42 1000
G1 42 42 1000
G1 40 43 1000
G1 37 43 1000
G1 34 42 1000
G1 30 42 1000
G1 27 41 1000
G1 23 40 1000
G1 20 39 1000
G1 17 38 1000
G1 14 37 1000
G1 11 36 1000
G1 8 36 1000
G1 6 35 1000
G1 3 35 1000
G1 1 35 1000
G1 -1 35 1000
G1 -4 35 1000
G1 -6 36 1000
G1 -9 37 1000
G1 -12 38 1000
G1 -15 41 1000
G1 -20 44 1000
G1 -27 51 1000
G1 -39 64 1000
G1 -94 125 1000
G1 16 14 1000
G1 21 18 1000
G1 12 10 1000
G1 -16 -14 1000
G1 -6 -5 1000
G1 -6 -6 1000
G1 -14 -12 1000
G1 -16 -14 1000
G1 -18 -16 1000
G1 98 -132 1000
G1 36 -62 1000
G1 24 -50 1000
G1 18 -44 1000
G1 14 -41 1000
G1 10 -38 1000
G1 7 -37 1000
G1 4 -36 1000
G1 2 -35 1000
G1 0 -35 1000
G1 -3 -35 1000
G1 -5 -35 1000
G1 -8 -35 1000
G1 -10 -36 1000
G1 -13 -36 1000
G1 -16 -37 1000
G1 -19 -38 1000
G1 -22 -38 1000
G1 -25 -39 1000
G1 -27 -39 1000
G1 -30 -40 1000
G1 -33 -40 1000
G1 -36 -40 1000
G1 -38 -39 1000
G1 -40 -38 1000
G1 -42 -37 1000
G1 -43 -36 1000
G1 -43 -34 1000
G1 -44 -31 1000
G1 -43 -29 1000
G1 -43 -26 1000
G1 -42 -23 1000
G1 -41 -20 1000
G1 -40 -18 1000
G1 -40 -15 1000
G1 -39 -12 1000
G1 -38 -9 1000
G1 -37 -7 1000
G1 -36 -4 1000
G1 -35 -2 1000
G1 -35 1 1000
G1 -35 3 1000
G1 -35 6 1000
G1 -35 8 1000
G1 -35 11 1000
G1 -36 14 1000
G1 -38 18 1000
G1 -40 22 1000
G1 -45 28 1000
G1 -53 39 1000
G1 -80 72 1000
G1 -60 49 1000
G1 22 20 1000
G1 10 9 1000
G1 111 -106 1000
G1 58 -44 1000
G1 47 -30 1000
G1 42 -23 1000
G1 39 -18 1000
G1 37 -14 1000
G1 36 -11 1000
G1 35 -8 1000
G1 35 -5 1000
G1 35 -3 1000
G1 35 0 1000
G1 35 2 1000
G1 36 5 1000
G1 36 7 1000
G1 37 10 1000
G1 38 12 1000
G1 38 15 1000
G1 39 17 1000
G1 40 20 1000
G1 40 23 1000
G1 41 25 1000
G1 41 28 1000
G1 40 30 1000
G1 40 32 1000
G1 39 33 1000
G1 38 35 1000
G1 36 36 1000
G1 35 37 1000
G1 32 37 1000
G1 30 37 1000
G1 28 37 1000
G1 25 37 1000
G1 22 37 1000
G1 20 37 1000
G1 17 36 1000
G1 15 36 1000
G1 12 36 1000
G1 9 35 1000
G1 7 35 1000
G1 5 35 1000
G1 2 35 1000
G1 0 36 1000
G1 -3 36 1000
G1 -5 37 1000
G1 -8 39 1000
G1 -12 41 1000
G1 -16 44 1000
G1 -23 50 1000
G1 -34 61 1000
G1 -92 127 1000
G1 4 15 1000
G1 18 16 1000
G1 16 14 1000
G1 7 7 1000
G1 14 12 1000
G1 6 6 1000
G1 -35 -30 1000
G1 -16 -14 1000
G1 -8 -8 1000
G1 -18 -16 1000
G1 -10 -9 1000
G1 -11 -9 1000
G1 94 -130 1000
G1 33 -61 1000
G1 21 -50 1000
G1 15 -44 1000
G1 11 -41 1000
G1 7 -39 1000
G1 4 -37 1000
G1 1 -36 1000
G1 -1 -36 1000
G1 -4 -35 1000
G1 -6 -35 1000
G1 -8 -35 1000
G1 -11 -35 1000
G1 -13 -35 1000
G1 -16 -35 1000
G1 -18 -35 1000
G1 -21 -35 1000
G1 -23 -35 1000
G1 -25 -35 1000
G1 -28 -35 1000
G1 -30 -35 1000
G1 -32 -34 1000
G1 -33 -34 1000
G1 -35 -33 1000
G1 -36 -31 1000
G1 -37 -30 1000
G1 -38 -28 1000
G1 -38 -26 1000
G1 -38 -24 1000
G1 -38 -22 1000
G1 -38 -20 1000
G1 -38 -17 1000
G1 -37 -15 1000
G1 -37 -12 1000
G1 -36 -10 1000
G1 -36 -8 1000
G1 -36 -5 1000
G1 -35 -3 1000
G1 -35 0 1000
G1 -35 2 1000
G1 -35 5 1000
G1 -36 7 1000
G1 -37 10 1000
G1 -38 14 1000
G1 -40 18 1000
G1 -44 24 1000
G1 -50 33 1000
G1 -68 54 1000
G1 -83 73 1000
G1 -10 -9 1000
G1 22 18 1000
G1 22 20 1000
G1 115 -107 1000
G1 56 -39 1000
G1 47 -26 1000
G1 42 -19 1000
G1 39 -14 1000
G1 37 -10 1000
G1 36 -7 1000
G1 36 -4 1000
G1 35 -2 1000
G1 35 1 1000
G1 35 3 1000
G1 35 6 1000
G1 35 8 1000
G1 36 10 1000
G1 36 12 1000
G1 36 15 1000
G1 36 17 1000
G1 36 19 1000
G1 36 21 1000
G1 36 23 1000
G1 36 25 1000
G1 35 27 1000
G1 34 28 1000
G1 33 30 1000
G1 32 31 1000
G1 31 32 1000
G1 29 33 1000
G1 27 33 1000
G1 25 34 1000
G1 23 34 1000
G1 21 34 1000
G1 19 34 1000
G1 16 34 1000
G1 14 34 1000
G1 12 34 1000
G1 10 34 1000
G1 7 35 1000
G1 5 35 1000
G1 2 35 1000
G1 0 36 1000
G1 -3 37 1000
G1 -6 39 1000
G1 -9 41 1000
G1 -14 45 1000
G1 -21 51 1000
G1 -33 63 1000
G1 -86 122 1000
G1 11 10 1000
G1 11 9 1000
G1 20 18 1000
G1 18 16 1000
G1 16 14 1000
G1 7 7 1000
G1 14 12 1000
G1 -7 -6 1000
G1 -6 -6 1000
G1 -14 -12 1000
G1 -24 -21 1000
G1 -18 -16 1000
G1 -20 -18 1000
G1 -34 -31 1000
G1 72 -107 1000
G1 35 -67 1000
G1 21 -52 1000
G1 13 -45 1000
G1 9 -42 1000
G1 5 -39 1000
G1 2 -37 1000
G1 -1 -36 1000
G1 -4 -35 1000
G1 -6 -35 1000
G1 -8 -34 1000
G1 -11 -34 1000
G1 -13 -34 1000
G1 -15 -33 1000
G1 -17 -33 1000
G1 -19 -33 1000
G1 -21 -33 1000
G1 -23 -32 1000
G1 -25 -32 1000
G1 -27 -31 1000
G1 -28 -30 1000
G1 -30 -29 1000
G1 -31 -28 1000
G1 -32 -27 1000
G1 -33 -26 1000
G1 -33 -24 1000
G1 -34 -22 1000
G1 -34 -20 1000
G1 -35 -19 1000
G1 -35 -17 1000
G1 -35 -14 1000
G1 -35 -12 1000
G1 -35 -10 1000
G1 -35 -8 1000
G1 -35 -6 1000
G1 -35 -3 1000
G1 -35 -1 1000
G1 -35 2 1000
G1 -36 4 1000
G1 -37 7 1000
G1 -38 11 1000
G1 -41 15 1000
G1 -44 21 1000
G1 -51 30 1000
G1 -70 53 1000
G1 -77 63 1000
G1 -12 -10 1000
G1 -11 -10 1000
G1 20 18 1000
G1 23 21 1000
G1 13 11 1000
G1 98 -85 1000
G1 60 -40 1000
G1 48 -25 1000
G1 43 -17 1000
G1 40 -12 1000
G1 38 -8 1000
G1 36 -5 1000
G1 36 -2 1000
G1 35 1 1000
G1 35 3 1000
G1 34 6 1000
G1 34 8 1000
G1 34 10 1000
G1 34 12 1000
G1 34 14 1000
G1 33 16 1000
G1 33 18 1000
G1 33 20 1000
G1 32 21 1000
G1 31 23 1000
G1 31 24 1000
G1 30 26 1000
G1 29 27 1000
G1 27 28 1000
G1 26 29 1000
G1 25 30 1000
G1 23 30 1000
G1 21 31 1000
G1 19 31 1000
G1 17 32 1000
G1 15 32 1000
G1 13 33 1000
G1 11 33 1000
G1 9 34 1000
G1 7 34 1000
G1 4 35 1000
G1 2 36 1000
G1 -1 37 1000
G1 -4 39 1000
G1 -8 42 1000
G1 -13 47 1000
G1 -22 54 1000
G1 -42 76 1000
G1 -49 83 1000
G1 46 42 1000
G1 20 18 1000
G1 18 16 1000
G1 8 8 1000
G1 16 14 1000
G1 7 7 1000
G1 7 6 1000
G1 -6 -5 1000
G1 -8 -8 1000
G1 -7 -6 1000
G1 -24 -21 1000
G1 -27 -24 1000
G1 -20 -18 1000
G1 -46 -42 1000
G1 -13 -12 1000
G1 33 -65 1000
G1 47 -83 1000
G1 22 -55 1000
G1 13 -47 1000
G1 7 -42 1000
G1 3 -39 1000
G1 0 -37 1000
G1 -3 -36 1000
G1 -5 -34 1000
G1 -8 -34 1000
G1 -10 -33 1000
G1 -12 -32 1000
G1 -14 -32 1000
G1 -16 -31 1000
G1 -18 -30 1000
G1 -19 -30 1000
G1 -21 -29 1000
G1 -23 -28 1000
G1 -24 -28 1000
G1 -26 -27 1000
G1 -27 -26 1000
G1 -28 -24 1000
G1 -29 -23 1000
G1 -30 -22 1000
G1 -30 -20 1000
G1 -31 -19 1000
G1 -31 -17 1000
G1 -32 -15 1000
G1 -32 -13 1000
G1 -33 -11 1000
G1 -33 -9 1000
G1 -33 -7 1000
G1 -34 -5 1000
G1 -34 -3 1000
G1 -35 0 1000
G1 -36 3 1000
G1 -37 6 1000
G1 -39 9 1000
G1 -42 14 1000
G1 -46 21 1000
G1 -56 34 1000
G1 -107 94 1000
G1 -14 -12 1000
G1 -13 -11 1000
G1 -12 -11 1000
G1 -12 -10 1000
G1 10 8 1000
G1 9 8 1000
G1 12 11 1000
G1 13 11 1000
G1 13 12 1000
G1 14 12 1000
G1 29 -4 1000
G1 96 -79 1000
G1 54 -29 1000
G1 45 -18 1000
G1 41 -12 1000
G1 38 -7 1000
G1 37 -3 1000
G1 35 0 1000
G1 34 2 1000
G1 34 5 1000
G1 33 7 1000
G1 32 9 1000
G1 32 11 1000
G1 31 13 1000
G1 31 15 1000
G1 30 17 1000
G1 30 18 1000
G1 29 20 1000
G1 28 21 1000
G1 27 23 1000
G1 26 24 1000
G1 25 25 1000
G1 24 26 1000
G1 22 27 1000
G1 21 28 1000
G1 19 29 1000
G1 17 29 1000
G1 16 30 1000
G1 14 31 1000
G1 12 32 1000
G1 10 33 1000
G1 7 34 1000
G1 5 35 1000
G1 2 36 1000
G1 -1 38 1000
G1 -5 41 1000
G1 -10 45 1000
G1 -18 53 1000
G1 -37 74 1000
G1 -43 80 1000
G1 27 25 1000
G1 13 11 1000
G1 12 11 1000
G1 12 10 1000
G1 11 10 1000
G1 11 9 1000
G1 20 18 1000
G1 18 16 1000
G1 -10 -9 1000
G1 -33 -30 1000
G1 -12 -10 1000
G1 -22 -20 1000
G1 -12 -10 1000
G1 -12 -11 1000
G1 -13 -11 1000
G1 -13 -12 1000
G1 -14 -12 1000
G1 -15 -13 1000
G1 21 -55 1000
G1 45 -84 1000
G1 18 -54 1000
G1 9 -45 1000
G1 4 -41 1000
G1 0 -38 1000
G1 -3 -35 1000
G1 -6 -34 1000
G1 -8 -32 1000
G1 -10 -31 1000
G1 -12 -30 1000
G1 -14 -29 1000
G1 -16 -28 1000
G1 -18 -28 1000
G1 -19 -27 1000
G1 -21 -26 1000
G1 -22 -25 1000
G1 -23 -24 1000
G1 -24 -22 1000
G1 -25 -21 1000
G1 -26 -20 1000
G1 -27 -18 1000
G1 -28 -17 1000
G1 -29 -15 1000
G1 -30 -14 1000
G1 -30 -12 1000
G1 -31 -10 1000
G1 -32 -8 1000
G1 -32 -6 1000
G1 -33 -4 1000
G1 -34 -1 1000
G1 -36 2 1000
G1 -38 6 1000
G1 -40 10 1000
G1 -45 17 1000
G1 -55 29 1000
G1 -101 83 1000
G1 -15 -13 1000
G1 -14 -13 1000
G1 -14 -12 1000
G1 -13 -12 1000
G1 -13 -11 1000
G1 -12 -11 1000
G1 18 16 1000
G1 12 11 1000
G1 13 11 1000
G1 13 12 1000
G1 14 12 1000
G1 30 26 1000
G1 16 14 1000
G1 87 -66 1000
G1 57 -31 1000
G1 46 -16 1000
G1 41 -9 1000
G1 37 -4 1000
G1 35 -1 1000
G1 34 2 1000
G1 32 5 1000
G1 31 7 1000
G1 30 10 1000
G1 30 12 1000
G1 29 13 1000
G1 28 15 1000
G1 27 17 1000
G1 26 18 1000
G1 25 20 1000
G1 24 21 1000
G1 23 22 1000
G1 22 23 1000
G1 20 25 1000
G1 19 26 1000
G1 17 27 1000
G1 16 28 1000
G1 14 29 1000
G1 12 30 1000
G1 10 31 1000
G1 7 33 1000
G1 5 35 1000
G1 1 37 1000
G1 -3 41 1000
G1 -8 46 1000
G1 -18 56 1000
G1 -67 110 1000
G1 16 14 1000
G1 15 14 1000
G1 15 13 1000
G1 14 13 1000
G1 14 12 1000
G1 13 12 1000
G1 -14 -12 1000
G1 -14 -13 1000
G1 -60 -52 1000
G1 -32 -28 1000
G1 28 -66 1000
G1 30 -69 1000
G1 11 -49 1000
G1 3 -41 1000
G1 -1 -37 1000
G1 -5 -34 1000
G1 -8 -32 1000
G1 -10 -30 1000
G1 -12 -29 1000
G1 -14 -27 1000
G1 -16 -26 1000
G1 -17 -25 1000
G1 -19 -24 1000
G1 -20 -22 1000
G1 -21 -21 1000
G1 -23 -20 1000
G1 -24 -18 1000
G1 -25 -17 1000
G1 -26 -15 1000
G1 -27 -14 1000
G1 -28 -12 1000
G1 -29 -10 1000
G1 -30 -8 1000
G1 -31 -5 1000
G1 -33 -3 1000
G1 -35 1 1000
G1 -38 5 1000
G1 -42 11 1000
G1 -50 21 1000
G1 -98 77 1000
G1 -33 -29 1000
G1 -15 -14 1000
G1 -15 -13 1000
G1 -14 -13 1000
G1 -14 -12 1000
G1 -13 -12 1000
G1 -13 -11 1000
G1 -12 -11 1000
G1 16 14 1000
G1 13 11 1000
G1 26 24 1000
G1 14 12 1000
G1 14 13 1000
G1 15 13 1000
G1 66 58 1000
G1 47 -17 1000
G1 69 -42 1000
G1 46 -15 1000
G1 39 -6 1000
G1 35 -1 1000
G1 33 3 1000
G1 31 6 1000
G1 29 9 1000
G1 28 11 1000
G1 26 13 1000
G1 25 15 1000
G1 24 17 1000
G1 22 18 1000
G1 21 20 1000
G1 20 21 1000
G1 18 23 1000
G1 16 24 1000
G1 15 26 1000
G1 13 28 1000
G1 10 30 1000
G1 8 32 1000
G1 5 35 1000
G1 0 39 1000
G1 -6 45 1000
G1 -22 62 1000
G1 -29 70 1000
G1 17 15 1000
G1 -85 -75 1000
G1 38 -81 1000
G1 8 -47 1000
G1 -1 -38 1000
G1 -6 -33 1000
G1 -9 -29 1000
G1 -12 -27 1000
G1 -14 -24 1000
G1 -16 -22 1000
G1 -18 -20 1000
G1 -20 -19 1000
G1 -22 -17 1000
G1 -23 -15 1000
G1 -25 -12 1000
G1 -27 -10 1000
G1 -29 -7 1000
G1 -31 -4 1000
G1 -35 1 1000
G1 -40 8 1000
G1 -55 25 1000
G1 -54 24 1000
G1 -52 -46 1000
G1 -16 -15 1000
G1 -16 -14 1000
G1 -15 -14 1000
G1 -30 -26 1000
G1 -14 -13 1000
G1 -14 -12 1000
G1 -13 -12 1000
G1 -13 -11 1000
G1 -12 -11 1000
G1 16 14 1000
G1 12 11 1000
G1 13 11 1000
G1 13 12 1000
G1 14 12 1000
G1 14 13 1000
G1 30 26 1000
G1 15 14 1000
G1 16 14 1000
G1 16 15 1000
G1 88 78 1000
G1 19 16 1000
G1 19 17 1000
G1 29 6 1000
G1 54 -23 1000
G1 34 1 1000
G1 28 8 1000
G1 24 13 1000
G1 20 17 1000
G1 17 21 1000
G1 13 25 1000
G1 8 31 1000
G1 -3 43 1000
G1 -9 50 1000
G1 -85 -75 1000
G1 -114 -102 1000
G1 -19 -16 1000
G1 -105 -93 1000
G1 -16 -15 1000
G1 -32 -28 1000
G1 -30 -26 1000
G1 -14 -13 1000
G1 -14 -12 1000
G1 -26 -24 1000
G1 -13 -11 1000
G1 14 12 1000
G1 12 11 1000
G1 26 22 1000
G1 13 12 1000
G1 28 24 1000
G1 14 13 1000
G1 30 26 1000
G1 15 14 1000
G1 32 28 1000
G1 16 15 1000
G1 68 60 1000
G1 17 16 1000
G1 18 16 1000
G1 -30 -26 1000
G1 -14 -13 1000
G1 -28 -24 1000
G1 -65 -57 1000
G1 -15 -14 1000
G1 -30 -26 1000
G1 -28 -26 1000
G1 -14 -12 1000
G1 -26 -24 1000
G1 -13 -11 1000
G1 -12 -11 1000
G1 7 6 1000
G1 6 6 1000
G1 24 20 1000
G1 24 22 1000
G1 26 22 1000
G1 26 24 1000
G1 28 24 1000
G1 -12 -10 1000
G1 -22 -20 1000
G1 -11 -9 1000
G1 -10 -9 1000
G1 -13 -11 1000
G1 -24 -22 1000
G1 -24 -20 1000
G1 12 10 1000
G1 1 1 1000
