G1 -43 50 2000
G1 -68 134 2000
G1 -21 85 2000
G1 -5 73 2000
G1 6 67 2000
G1 14 63 2000
G1 22 60 2000
G1 29 58 2000
G1 -7 -62 2000
G1 0 -64 2000
G1 9 -68 2000
G1 21 -75 2000
G1 42 -95 2000
G1 -33 98 2000
G1 -11 79 2000
G1 2 71 2000
G1 12 67 2000
G1 20 64 2000
G1 28 62 2000
G1 35 60 2000
G1 4 66 2000
G1 12 66 2000
G1 21 68 2000
G1 31 70 2000
G1 42 73 2000
G1 53 75 2000
G1 -29 -70 2000
G1 -18 -66 2000
G1 -9 -63 2000
G1 -1 -62 2000
G1 6 -61 2000
G1 -58 -45 2000
G1 -54 -51 2000
G1 -19 -70 2000
G1 -9 -72 2000
G1 2 -75 2000
G1 15 -83 2000
G1 38 -102 2000
G1 -26 95 2000
G1 -7 79 2000
G1 6 71 2000
G1 16 67 2000
G1 24 64 2000
G1 32 62 2000
G1 39 59 2000
G1 8 69 2000
G1 18 70 2000
G1 28 71 2000
G1 38 73 2000
G1 49 75 2000
G1 60 75 2000
G1 -9 -65 2000
G1 0 -62 2000
G1 8 -60 2000
G1 15 -61 2000
G1 2 66 2000
G1 11 66 2000
G1 20 68 2000
G1 30 70 2000
G1 40 73 2000
G1 51 75 2000
G1 -27 -69 2000
G1 -17 -66 2000
G1 -8 -63 2000
G1 0 -62 2000
G1 7 -61 2000
G1 -57 -46 2000
G1 -53 -51 2000
G1 -17 -70 2000
G1 -7 -72 2000
G1 4 -76 2000
G1 18 -85 2000
G1 44 -108 2000
G1 -32 100 2000
G1 -9 81 2000
G1 4 72 2000
G1 14 68 2000
G1 23 65 2000
G1 31 62 2000
G1 38 60 2000
G1 7 69 2000
G1 17 70 2000
G1 27 71 2000
G1 37 73 2000
G1 48 75 2000
G1 58 76 2000
G1 -8 -64 2000
G1 1 -61 2000
G1 9 -60 2000
G1 16 -60 2000
G1 1 66 2000
G1 10 66 2000
G1 19 68 2000
G1 29 70 2000
G1 39 73 2000
G1 51 75 2000
G1 -26 -69 2000
G1 -16 -65 2000
G1 -7 -63 2000
G1 1 -61 2000
G1 8 -61 2000
G1 -57 -46 2000
G1 -52 -51 2000
G1 -16 -70 2000
G1 -6 -72 2000
G1 5 -77 2000
G1 20 -86 2000
G1 48 -112 2000
G1 -36 104 2000
G1 -11 82 2000
G1 3 73 2000
G1 13 68 2000
G1 22 65 2000
G1 30 62 2000
G1 37 60 2000
G1 6 69 2000
G1 16 70 2000
G1 26 71 2000
G1 36 73 2000
G1 47 75 2000
G1 58 76 2000
G1 -7 -64 2000
G1 2 -61 2000
G1 9 -60 2000
G1 16 -60 2000
G1 1 66 2000
G1 9 66 2000
G1 19 68 2000
G1 28 70 2000
G1 39 73 2000
G1 51 76 2000
G1 -26 -70 2000
G1 -16 -66 2000
G1 -7 -63 2000
G1 1 -61 2000
G1 8 -61 2000
G1 -57 -47 2000
G1 -52 -52 2000
G1 -16 -70 2000
G1 -6 -73 2000
G1 5 -77 2000
G1 20 -86 2000
G1 48 -112 2000
G1 -36 104 2000
G1 -11 82 2000
G1 2 73 2000
G1 13 68 2000
G1 22 65 2000
G1 30 63 2000
G1 37 61 2000
G1 6 69 2000
G1 16 70 2000
G1 26 71 2000
G1 36 74 2000
G1 48 76 2000
G1 59 77 2000
G1 -7 -64 2000
G1 2 -61 2000
G1 9 -59 2000
G1 16 -60 2000
G1 1 66 2000
G1 10 66 2000
G1 19 68 2000
G1 29 71 2000
G1 40 74 2000
G1 52 77 2000
G1 -27 -70 2000
G1 -16 -66 2000
G1 -7 -63 2000
G1 1 -61 2000
G1 8 -61 2000
G1 -57 -48 2000
G1 -52 -53 2000
G1 -16 -70 2000
G1 -6 -72 2000
G1 5 -76 2000
G1 19 -85 2000
G1 45 -108 2000
G1 -33 101 2000
G1 -10 81 2000
G1 3 73 2000
G1 13 68 2000
G1 22 66 2000
G1 30 63 2000
G1 38 61 2000
G1 6 69 2000
G1 16 70 2000
G1 26 72 2000
G1 37 74 2000
G1 49 77 2000
G1 60 78 2000
G1 -8 -64 2000
G1 1 -61 2000
G1 8 -59 2000
G1 15 -59 2000
G1 2 65 2000
G1 10 66 2000
G1 20 68 2000
G1 30 71 2000
G1 41 75 2000
G1 53 78 2000
G1 -28 -71 2000
G1 -17 -66 2000
G1 -8 -63 2000
G1 0 -61 2000
G1 7 -60 2000
G1 -58 -49 2000
G1 -53 -54 2000
G1 -17 -71 2000
G1 -7 -72 2000
G1 4 -76 2000
G1 17 -83 2000
G1 40 -102 2000
G1 -29 96 2000
G1 -8 79 2000
G1 4 72 2000
G1 14 68 2000
G1 23 66 2000
G1 31 63 2000
G1 38 61 2000
G1 7 69 2000
G1 17 70 2000
G1 27 72 2000
G1 39 75 2000
G1 50 77 2000
G1 62 79 2000
G1 -9 -65 2000
G1 0 -61 2000
G1 7 -60 2000
G1 14 -59 2000
G1 3 65 2000
G1 12 67 2000
G1 21 69 2000
G1 32 72 2000
G1 43 75 2000
G1 55 79 2000
G1 -30 -72 2000
G1 -19 -67 2000
G1 -9 -64 2000
G1 -1 -61 2000
G1 6 -61 2000
G1 -59 -49 2000
G1 -54 -54 2000
G1 -18 -70 2000
G1 -8 -72 2000
G1 2 -75 2000
G1 15 -82 2000
G1 35 -97 2000
G1 -24 92 2000
G1 -6 78 2000
G1 5 71 2000
G1 15 68 2000
G1 24 65 2000
G1 32 63 2000
G1 40 61 2000
G1 9 69 2000
G1 18 70 2000
G1 29 73 2000
G1 40 75 2000
G1 52 78 2000
G1 64 79 2000
G1 -11 -66 2000
G1 -2 -62 2000
G1 6 -60 2000
G1 13 -59 2000
G1 4 66 2000
G1 13 67 2000
G1 23 69 2000
G1 33 72 2000
G1 45 75 2000
G1 57 79 2000
G1 -31 -72 2000
G1 -20 -67 2000
G1 -11 -64 2000
G1 -2 -62 2000
G1 5 -61 2000
G1 -59 -48 2000
G1 -55 -53 2000
G1 -19 -70 2000
G1 -10 -72 2000
G1 1 -74 2000
G1 13 -80 2000
G1 32 -94 2000
G1 -21 89 2000
G1 -4 77 2000
G1 7 71 2000
G1 16 67 2000
G1 25 65 2000
G1 33 63 2000
G1 41 61 2000
G1 10 69 2000
G1 20 71 2000
G1 30 73 2000
G1 41 75 2000
G1 53 77 2000
G1 64 79 2000
G1 -12 -66 2000
G1 -3 -62 2000
G1 5 -60 2000
G1 12 -60 2000
G1 5 66 2000
G1 14 67 2000
G1 23 69 2000
G1 34 72 2000
G1 45 75 2000
G1 57 78 2000
G1 -32 -72 2000
G1 -21 -67 2000
G1 -11 -64 2000
G1 -3 -62 2000
G1 5 -61 2000
G1 -60 -48 2000
G1 -55 -53 2000
G1 -20 -70 2000
G1 -10 -71 2000
G1 0 -74 2000
G1 12 -80 2000
G1 30 -93 2000
G1 -19 88 2000
G1 -3 76 2000
G1 8 70 2000
G1 17 67 2000
G1 26 65 2000
G1 34 63 2000
G1 41 61 2000
G1 10 69 2000
G1 20 71 2000
G1 31 72 2000
G1 42 75 2000
G1 53 77 2000
G1 64 78 2000
G1 -12 -66 2000
G1 -3 -63 2000
G1 5 -61 2000
G1 12 -60 2000
G1 5 66 2000
G1 14 67 2000
G1 23 69 2000
G1 34 71 2000
G1 45 74 2000
G1 56 77 2000
G1 -63 -56 2000
G1 -60 -59 2000
G1 -55 -60 2000
G1 -50 -84 2000
G1 -36 -80 2000
G1 -23 -77 2000
G1 -11 -74 2000
G1 0 -74 2000
G1 -8 -61 2000
G1 -1 -63 2000
G1 7 -66 2000
G1 18 -72 2000
G1 35 -87 2000
G1 -25 90 2000
G1 -8 76 2000
G1 4 70 2000
G1 13 66 2000
G1 21 64 2000
G1 29 62 2000
G1 36 60 2000
G1 55 52 2000
G1 60 47 2000
G1 -41 -60 2000
G1 -34 -62 2000
G1 -26 -64 2000
G1 -17 -67 2000
G1 -8 -70 2000
G1 3 -76 2000
G1 20 -88 2000
G1 -31 94 2000
G1 -12 80 2000
G1 0 74 2000
G1 11 71 2000
G1 20 70 2000
G1 -44 -44 2000
G1 -41 -47 2000
G1 -36 -49 2000
G1 -30 -59 2000
G1 -23 -61 2000
G1 -15 -63 2000
G1 -7 -66 2000
G1 3 -71 2000
G1 17 -81 2000
G1 46 -109 2000
G1 9 64 2000
G1 21 52 2000
G1 30 43 2000
G1 23 38 2000
G1 28 33 2000
G1 32 28 2000
G1 43 27 2000
G1 48 20 2000
G1 -21 93 2000
G1 -2 78 2000
G1 10 71 2000
G1 19 67 2000
G1 28 64 2000
G1 36 61 2000
G1 43 58 2000
G1 -50 -23 2000
G1 -49 -27 2000
G1 10 69 2000
G1 20 70 2000
G1 30 72 2000
G1 41 74 2000
G1 52 76 2000
G1 63 77 2000
G1 -78 -52 2000
G1 -77 -60 2000
G1 18 72 2000
G1 34 81 2000
G1 54 93 2000
G1 81 109 2000
G1 112 126 2000
G1 -164 -132 2000
G1 -160 -148 2000
G1 -7 -59 2000
G1 4 -51 2000
G1 11 -46 2000
G1 16 -44 2000
G1 -16 44 2000
G1 -11 46 2000
G1 -4 51 2000
G1 7 59 2000
G1 -82 -122 2000
G1 -45 -97 2000
G1 -21 -82 2000
G1 -5 -72 2000
G1 -79 -54 2000
G1 -78 -61 2000
G1 -64 -57 2000
G1 -61 -60 2000
G1 -56 -61 2000
G1 -50 -85 2000
G1 -36 -81 2000
G1 -22 -77 2000
G1 -11 -74 2000
G1 0 -73 2000
G1 -8 -61 2000
G1 -1 -63 2000
G1 8 -66 2000
G1 18 -72 2000
G1 35 -86 2000
G1 -26 90 2000
G1 -8 76 2000
G1 3 70 2000
G1 13 66 2000
G1 21 64 2000
G1 29 62 2000
G1 36 61 2000
G1 -44 -45 2000
G1 -41 -47 2000
G1 -36 -50 2000
G1 -29 -59 2000
G1 -22 -61 2000
G1 -15 -63 2000
G1 -6 -66 2000
G1 4 -71 2000
G1 17 -81 2000
G1 47 -109 2000
G1 7 66 2000
G1 20 53 2000
G1 29 44 2000
G1 23 38 2000
G1 27 34 2000
G1 31 29 2000
G1 42 28 2000
G1 47 21 2000
G1 -20 91 2000
G1 -2 78 2000
G1 10 71 2000
G1 20 67 2000
G1 28 64 2000
G1 36 61 2000
G1 43 58 2000
G1 -51 -24 2000
G1 -50 -28 2000
G1 -27 -65 2000
G1 -19 -66 2000
G1 -10 -68 2000
G1 0 -71 2000
G1 12 -78 2000
G1 30 -92 2000
G1 48 -3 2000
G1 57 -15 2000
G1 9 64 2000
G1 21 52 2000
G1 30 43 2000
G1 -35 87 2000
G1 -18 72 2000
G1 -7 66 2000
G1 1 63 2000
G1 8 61 2000
G1 36 49 2000
G1 41 47 2000
G1 44 44 2000
G1 5 66 2000
G1 14 67 2000
G1 23 69 2000
G1 34 71 2000
G1 45 74 2000
G1 56 77 2000
G1 -31 -71 2000
G1 -21 -67 2000
G1 -11 -64 2000
G1 -3 -62 2000
G1 5 -61 2000
G1 -60 -47 2000
G1 -55 -52 2000
G1 -20 -70 2000
G1 -11 -71 2000
G1 0 -74 2000
G1 12 -80 2000
G1 31 -94 2000
G1 -20 88 2000
G1 -3 76 2000
G1 8 70 2000
G1 17 67 2000
G1 26 64 2000
G1 34 62 2000
G1 41 60 2000
G1 10 69 2000
G1 20 70 2000
G1 30 72 2000
G1 41 74 2000
G1 52 76 2000
G1 63 77 2000
G1 -78 -52 2000
G1 -77 -60 2000
G1 -63 -56 2000
G1 -60 -59 2000
G1 -55 -60 2000
G1 -12 -66 2000
G1 -3 -63 2000
G1 5 -61 2000
G1 12 -60 2000
G1 -36 -60 2000
G1 -29 -62 2000
G1 -21 -64 2000
G1 -13 -66 2000
G1 -4 -70 2000
G1 8 -76 2000
G1 25 -90 2000
G1 23 38 2000
G1 28 33 2000
G1 32 28 2000
G1 43 27 2000
G1 48 20 2000
G1 -21 93 2000
G1 -2 78 2000
G1 10 71 2000
G1 19 67 2000
G1 28 64 2000
G1 36 61 2000
G1 43 58 2000
G1 -50 -23 2000
G1 -49 -27 2000
G1 -27 -64 2000
G1 -19 -66 2000
G1 -10 -68 2000
G1 0 -71 2000
G1 12 -78 2000
G1 31 -94 2000
G1 50 -5 2000
G1 61 -20 2000
G1 -51 115 2000
G1 -18 82 2000
G1 -3 72 2000
G1 7 66 2000
G1 15 63 2000
G1 23 61 2000
G1 29 59 2000
G1 0 74 2000
G1 11 74 2000
G1 22 76 2000
G1 35 80 2000
G1 49 83 2000
G1 4 72 2000
G1 20 81 2000
G1 43 96 2000
G1 78 119 2000
G1 -164 -132 2000
G1 -160 -148 2000
G1 -16 44 2000
G1 -3 54 2000
G1 45 96 2000
G1 732 694 2000
G1 -439 -441 2000
G1 -23 -77 2000
G1 9 -49 2000
G1 19 -41 2000
G1 -78 -119 2000
G1 -43 -96 2000
G1 -20 -81 2000
G1 -4 -72 2000
G1 -49 -83 2000
G1 -35 -80 2000
G1 -22 -76 2000
G1 -11 -74 2000
G1 0 -74 2000
G1 -29 -59 2000
G1 -23 -61 2000
G1 -15 -63 2000
G1 -7 -66 2000
G1 3 -72 2000
G1 18 -82 2000
G1 51 -115 2000
G1 -61 20 2000
G1 -50 5 2000
G1 50 -5 2000
G1 61 -20 2000
G1 6 67 2000
G1 21 52 2000
G1 30 43 2000
G1 -37 90 2000
G1 -19 74 2000
G1 -8 67 2000
G1 1 63 2000
G1 8 61 2000
G1 36 48 2000
G1 40 46 2000
G1 44 43 2000
G1 5 66 2000
G1 13 67 2000
G1 23 68 2000
G1 33 71 2000
G1 43 74 2000
G1 55 76 2000
G1 -30 -71 2000
G1 -20 -67 2000
G1 -10 -64 2000
G1 -2 -62 2000
G1 5 -61 2000
G1 -59 -46 2000
G1 -55 -51 2000
G1 -20 -70 2000
G1 -10 -71 2000
G1 1 -75 2000
G1 13 -81 2000
G1 33 -97 2000
G1 -22 91 2000
G1 -4 77 2000
G1 7 71 2000
G1 17 67 2000
G1 25 64 2000
G1 33 62 2000
G1 40 60 2000
G1 10 69 2000
G1 19 70 2000
G1 29 72 2000
G1 40 73 2000
G1 51 75 2000
G1 61 76 2000
G1 -10 -65 2000
G1 -1 -62 2000
G1 6 -61 2000
G1 14 -61 2000
G1 -43 -43 2000
G1 -40 -46 2000
G1 -35 -48 2000
G1 -1 74 2000
G1 10 74 2000
G1 21 76 2000
G1 34 79 2000
G1 47 83 2000
G1 53 58 2000
G1 57 57 2000
G1 61 54 2000
G1 75 59 2000
G1 75 52 2000
G1 51 58 2000
G1 56 57 2000
G1 60 55 2000
G1 74 59 2000
G1 75 53 2000
G1 51 59 2000
G1 56 58 2000
G1 60 55 2000
G1 74 61 2000
G1 75 54 2000
G1 51 59 2000
G1 56 59 2000
G1 60 56 2000
G1 75 62 2000
G1 76 55 2000
G1 51 60 2000
G1 57 60 2000
G1 61 58 2000
G1 76 63 2000
G1 78 57 2000
G1 53 61 2000
G1 58 60 2000
G1 63 58 2000
G1 78 64 2000
G1 79 57 2000
G1 54 62 2000
G1 60 61 2000
G1 64 59 2000
G1 79 64 2000
G1 80 57 2000
G1 55 62 2000
G1 61 61 2000
G1 65 58 2000
G1 79 63 2000
G1 80 55 2000
G1 4 72 2000
G1 21 82 2000
G1 46 98 2000
G1 84 125 2000
G1 167 153 2000
G1 170 137 2000
G1 -117 -130 2000
G1 -84 -111 2000
G1 -56 -95 2000
G1 -35 -81 2000
G1 -19 -72 2000
G1 -16 43 2000
G1 -11 46 2000
G1 -4 50 2000
G1 7 59 2000
G1 -17 43 2000
G1 -4 53 2000
G1 49 99 2000
G1 1066 983 2000
G1 -1460 -1326 2000
G1 -18 -73 2000
G1 15 -43 2000
G1 22 -38 2000
G1 171 159 2000
G1 176 143 2000
G1 -120 -133 2000
G1 -85 -113 2000
G1 -56 -95 2000
G1 -34 -81 2000
G1 -18 -72 2000
G1 -17 42 2000
G1 -13 45 2000
G1 -6 49 2000
G1 4 57 2000
G1 -83 -125 2000
G1 -43 -97 2000
G1 -19 -80 2000
G1 -3 -71 2000
G1 -49 -85 2000
G1 -34 -81 2000
G1 -21 -77 2000
G1 -9 -74 2000
G1 1 -73 2000
G1 -7 -62 2000
G1 0 -63 2000
G1 9 -66 2000
G1 19 -73 2000
G1 37 -88 2000
G1 -28 92 2000
G1 -9 77 2000
G1 2 70 2000
G1 12 67 2000
G1 20 64 2000
G1 28 63 2000
G1 36 61 2000
G1 -44 -45 2000
G1 -40 -48 2000
G1 -35 -50 2000
G1 -28 -60 2000
G1 -21 -61 2000
G1 -14 -64 2000
G1 -5 -67 2000
G1 5 -72 2000
G1 20 -83 2000
G1 54 -117 2000
G1 2 71 2000
G1 18 55 2000
G1 27 46 2000
G1 -27 -46 2000
G1 -18 -55 2000
G1 -2 -71 2000
G1 -60 18 2000
G1 -49 4 2000
G1 -25 95 2000
G1 -5 80 2000
G1 8 72 2000
G1 18 68 2000
G1 26 65 2000
G1 34 62 2000
G1 42 60 2000
G1 -50 -25 2000
G1 -49 -29 2000
G1 -25 -65 2000
G1 -17 -66 2000
G1 -8 -68 2000
G1 2 -72 2000
G1 14 -79 2000
G1 35 -96 2000
G1 -46 -22 2000
G1 -40 -29 2000
G1 -30 -30 2000
G1 -25 -35 2000
G1 -20 -41 2000
G1 -41 92 2000
G1 -22 75 2000
G1 -10 67 2000
G1 -2 64 2000
G1 6 62 2000
G1 35 50 2000
G1 39 48 2000
G1 43 45 2000
G1 -35 -61 2000
G1 -27 -63 2000
G1 -19 -65 2000
G1 -11 -67 2000
G1 -1 -71 2000
G1 12 -79 2000
G1 32 -96 2000
G1 -25 -47 2000
G1 -14 -59 2000
G1 12 -86 2000
G1 -74 139 2000
G1 -23 86 2000
G1 -7 74 2000
G1 4 67 2000
G1 12 64 2000
G1 20 62 2000
G1 27 60 2000
G1 -3 73 2000
G1 8 74 2000
G1 20 76 2000
G1 33 80 2000
G1 47 85 2000
G1 1 69 2000
G1 16 79 2000
G1 39 95 2000
G1 78 122 2000
G1 171 161 2000
G1 180 149 2000
G1 -121 -135 2000
G1 -84 -113 2000
G1 -54 -94 2000
G1 -32 -80 2000
G1 -16 -71 2000
G1 -19 41 2000
G1 -15 43 2000
G1 -9 46 2000
G1 0 53 2000
G1 -30 31 2000
G1 -33 28 2000
G1 -45 17 2000
G1 -1702 -1486 2000
G1 1285 1110 2000
G1 94 28 2000
G1 47 -15 2000
G1 38 -24 2000
G1 166 160 2000
G1 179 151 2000
G1 -117 -134 2000
G1 -80 -111 2000
G1 -50 -92 2000
G1 -29 -79 2000
G1 -14 -70 2000
G1 -21 40 2000
G1 -17 41 2000
G1 -12 44 2000
G1 -5 50 2000
G1 -72 -118 2000
G1 -35 -92 2000
G1 -13 -77 2000
G1 1 -68 2000
G1 -45 -84 2000
G1 -31 -79 2000
G1 -18 -76 2000
G1 -7 -74 2000
G1 4 -73 2000
G1 -5 -62 2000
G1 3 -64 2000
G1 12 -68 2000
G1 24 -77 2000
G1 47 -99 2000
G1 -23 -49 2000
G1 -8 -65 2000
G1 27 -103 2000
G1 -27 103 2000
G1 8 65 2000
G1 23 49 2000
G1 -38 103 2000
G1 -14 81 2000
G1 -1 72 2000
G1 9 68 2000
G1 18 65 2000
G1 26 63 2000
G1 33 61 2000
G1 -42 -45 2000
G1 -38 -48 2000
G1 -34 -50 2000
G1 -26 -60 2000
G1 -19 -62 2000
G1 -11 -64 2000
G1 -2 -68 2000
G1 9 -75 2000
G1 27 -90 2000
G1 100 -168 2000
G1 39 -95 2000
G1 8 -61 2000
G1 101 -50 2000
G1 81 -20 2000
G1 73 -5 2000
G1 70 7 2000
G1 67 16 2000
G1 65 25 2000
G1 63 32 2000
G1 -30 -46 2000
G1 -34 -44 2000
G1 -67 -15 2000
G1 -67 -6 2000
G1 -69 3 2000
G1 -72 14 2000
G1 -79 29 2000
G1 -101 60 2000
G1 -24 -46 2000
G1 -32 -37 2000
G1 -33 -25 2000
G1 -39 -19 2000
G1 -45 -11 2000
G1 98 -67 2000
G1 74 -36 2000
G1 66 -21 2000
G1 63 -11 2000
G1 62 -3 2000
G1 53 27 2000
G1 51 32 2000
G1 49 36 2000
G1 -64 -25 2000
G1 -65 -17 2000
G1 -66 -9 2000
G1 -68 0 2000
G1 -72 11 2000
G1 -79 26 2000
G1 -102 58 2000
G1 -53 -14 2000
G1 -76 13 2000
G1 -69 7 2000
G1 -89 155 2000
G1 -31 94 2000
G1 -10 76 2000
G1 2 69 2000
G1 11 64 2000
G1 19 62 2000
G1 26 59 2000
G1 -5 74 2000
G1 6 74 2000
G1 17 76 2000
G1 30 79 2000
G1 44 83 2000
G1 -3 68 2000
G1 11 76 2000
G1 32 90 2000
G1 67 114 2000
G1 160 155 2000
G1 175 149 2000
G1 -112 -131 2000
G1 -75 -108 2000
G1 -47 -90 2000
G1 -27 -77 2000
G1 -12 -69 2000
G1 -22 39 2000
G1 -19 40 2000
G1 -14 43 2000
G1 -7 47 2000
G1 -41 21 2000
G1 -53 9 2000
G1 -105 -38 2000
G1 -930 -787 2000
G1 627 510 2000
G1 90 24 2000
G1 50 -12 2000
G1 40 -22 2000
G1 153 150 2000
G1 169 145 2000
G1 -106 -126 2000
G1 -72 -105 2000
G1 -45 -88 2000
G1 -25 -76 2000
G1 -11 -68 2000
G1 -22 40 2000
G1 -19 41 2000
G1 -14 43 2000
G1 -8 47 2000
G1 -64 -112 2000
G1 -32 -89 2000
G1 -11 -76 2000
G1 2 -68 2000
G1 -44 -82 2000
G1 -30 -79 2000
G1 -17 -75 2000
G1 -6 -74 2000
G1 4 -74 2000
G1 -4 -62 2000
G1 3 -65 2000
G1 13 -70 2000
G1 27 -80 2000
G1 58 -111 2000
G1 -20 -52 2000
G1 27 -105 2000
G1 -35 -31 2000
G1 35 31 2000
G1 -27 105 2000
G1 20 52 2000
G1 -48 114 2000
G1 -17 84 2000
G1 -2 73 2000
G1 8 68 2000
G1 17 65 2000
G1 25 62 2000
G1 33 60 2000
G1 -42 -44 2000
G1 -38 -47 2000
G1 -33 -49 2000
G1 -26 -59 2000
G1 -19 -61 2000
G1 -11 -64 2000
G1 -2 -69 2000
G1 10 -77 2000
G1 32 -95 2000
G1 83 -150 2000
G1 3 -52 2000
G1 28 -83 2000
G1 108 -57 2000
G1 82 -21 2000
G1 74 -5 2000
G1 69 6 2000
G1 67 16 2000
G1 65 24 2000
G1 62 32 2000
G1 -29 -46 2000
G1 -33 -44 2000
G1 -66 -15 2000
G1 -67 -6 2000
G1 -69 3 2000
G1 -73 15 2000
G1 -81 31 2000
G1 -109 68 2000
G1 -19 -51 2000
G1 -29 -40 2000
G1 -32 -27 2000
G1 -37 -20 2000
G1 -44 -12 2000
G1 100 -69 2000
G1 75 -36 2000
G1 67 -21 2000
G1 63 -11 2000
G1 62 -3 2000
G1 52 28 2000
G1 50 32 2000
G1 48 37 2000
G1 -63 -25 2000
G1 -64 -18 2000
G1 -66 -10 2000
G1 -68 -1 2000
G1 -72 10 2000
G1 -80 26 2000
G1 -105 60 2000
G1 -52 -16 2000
G1 -76 13 2000
G1 -65 2 2000
G1 -87 155 2000
G1 -29 93 2000
G1 -9 76 2000
G1 3 68 2000
G1 12 64 2000
G1 19 61 2000
G1 27 59 2000
G1 -4 74 2000
G1 7 74 2000
G1 18 76 2000
G1 31 78 2000
G1 44 82 2000
G1 -1 69 2000
G1 12 76 2000
G1 33 90 2000
G1 65 111 2000
G1 149 145 2000
G1 163 139 2000
G1 -102 -123 2000
G1 -70 -104 2000
G1 -44 -88 2000
G1 -26 -76 2000
G1 -12 -68 2000
G1 -21 40 2000
G1 -18 41 2000
G1 -13 44 2000
G1 -6 49 2000
G1 -36 26 2000
G1 -42 20 2000
G1 -65 -1 2000
G1 -353 -260 2000
G1 92 25 2000
G1 35 -25 2000
G1 31 -30 2000
G1 30 -31 2000
G1 148 142 2000
G1 159 134 2000
G1 -102 -121 2000
G1 -71 -103 2000
G1 -46 -88 2000
G1 -27 -77 2000
G1 -13 -69 2000
G1 -20 42 2000
G1 -16 43 2000
G1 -11 46 2000
G1 -3 51 2000
G1 -68 -113 2000
G1 -36 -91 2000
G1 -15 -78 2000
G1 0 -70 2000
G1 -45 -82 2000
G1 -32 -79 2000
G1 -20 -76 2000
G1 -8 -74 2000
G1 2 -74 2000
G1 -6 -62 2000
G1 2 -64 2000
G1 11 -69 2000
G1 23 -78 2000
G1 49 -102 2000
G1 -40 106 2000
G1 -13 81 2000
G1 0 72 2000
G1 10 67 2000
G1 19 64 2000
G1 27 62 2000
G1 34 60 2000
G1 -43 -43 2000
G1 -39 -46 2000
G1 -35 -48 2000
G1 -28 -58 2000
G1 -21 -61 2000
G1 -13 -63 2000
G1 -4 -67 2000
G1 7 -74 2000
G1 25 -89 2000
G1 98 -168 2000
G1 -23 99 2000
G1 11 62 2000
G1 26 46 2000
G1 -26 -46 2000
G1 -11 -62 2000
G1 23 -99 2000
G1 46 -102 2000
G1 9 -61 2000
G1 97 -44 2000
G1 79 -17 2000
G1 72 -2 2000
G1 69 9 2000
G1 66 18 2000
G1 64 26 2000
G1 62 34 2000
G1 -28 -47 2000
G1 -32 -45 2000
G1 -66 -17 2000
G1 -67 -8 2000
G1 -68 1 2000
G1 -72 12 2000
G1 -79 26 2000
G1 -98 54 2000
G1 -22 -49 2000
G1 -30 -40 2000
G1 -31 -28 2000
G1 -35 -23 2000
G1 -40 -17 2000
G1 -47 -23 2000
G1 -56 -11 2000
G1 -77 14 2000
G1 24 -78 2000
G1 3 -54 2000
G1 92 -37 2000
G1 78 -14 2000
G1 72 0 2000
G1 68 10 2000
G1 66 19 2000
G1 64 27 2000
G1 62 35 2000
G1 -28 -47 2000
G1 -32 -46 2000
G1 -66 -18 2000
G1 -67 -10 2000
G1 -68 -1 2000
G1 -71 10 2000
G1 -77 23 2000
G1 -92 47 2000
G1 -24 -47 2000
G1 -31 -40 2000
G1 -31 -29 2000
G1 -35 -24 2000
G1 -40 -18 2000
G1 88 -39 2000
G1 75 -18 2000
G1 70 -6 2000
G1 67 4 2000
G1 65 13 2000
G1 64 21 2000
G1 63 28 2000
G1 58 -20 2000
G1 59 -13 2000
G1 62 -5 2000
G1 66 4 2000
G1 65 47 2000
G1 64 52 2000
G1 62 55 2000
G1 68 68 2000
G1 60 70 2000
G1 70 -6 2000
G1 80 7 2000
G1 97 28 2000
G1 123 58 2000
G1 158 132 2000
G1 149 142 2000
G1 -132 -88 2000
G1 -112 -60 2000
G1 -94 -37 2000
G1 -80 -19 2000
G1 -71 -6 2000
G1 40 -24 2000
G1 42 -19 2000
G1 46 -14 2000
G1 54 -6 2000
G1 -148 -143 2000
G1 -161 -136 2000
G1 -57 3 2000
G1 -48 12 2000
G1 -43 18 2000
G1 -41 22 2000
G1 72 8 2000
G1 82 22 2000
G1 96 40 2000
G1 114 64 2000
G1 134 92 2000
G1 33 -29 2000
G1 37 -25 2000
G1 50 -12 2000
G1 223 143 2000
G1 -489 -384 2000
G1 -78 -13 2000
G1 -47 15 2000
G1 -38 24 2000
G1 -138 -96 2000
G1 -117 -67 2000
G1 -98 -43 2000
G1 -84 -24 2000
G1 -73 -9 2000
G1 41 -22 2000
G1 44 -17 2000
G1 49 -11 2000
G1 59 -1 2000
G1 41 -21 2000
G1 53 -10 2000
G1 100 33 2000
G1 775 645 2000
G1 301 321 2000
G1 9 65 2000
G1 -14 45 2000
G1 -21 39 2000
G1 -132 -86 2000
G1 -110 -58 2000
G1 -92 -35 2000
G1 -79 -17 2000
G1 -69 -4 2000
G1 -80 -42 2000
G1 -77 -31 2000
G1 -73 -21 2000
G1 -69 -12 2000
G1 -67 -3 2000
G1 -65 6 2000
G1 -63 -26 2000
G1 -64 -19 2000
G1 -65 -11 2000
G1 -67 -2 2000
G1 -71 9 2000
G1 -78 24 2000
G1 -99 53 2000
G1 42 15 2000
G1 36 22 2000
G1 31 28 2000
G1 29 41 2000
G1 20 50 2000
G1 104 -52 2000
G1 81 -19 2000
G1 73 -4 2000
G1 69 7 2000
G1 66 17 2000
G1 64 25 2000
G1 62 33 2000
G1 -28 -47 2000
G1 -32 -45 2000
G1 -66 -16 2000
G1 -67 -7 2000
G1 -69 2 2000
G1 -72 13 2000
G1 -80 29 2000
G1 -105 63 2000
G1 -19 72 2000
G1 -20 72 2000
G1 -87 155 2000
G1 -29 93 2000
G1 -9 76 2000
G1 3 68 2000
G1 12 64 2000
G1 19 61 2000
G1 27 59 2000
G1 34 48 2000
G1 38 46 2000
G1 42 43 2000
G1 52 51 2000
G1 57 46 2000
G1 48 27 2000
G1 49 23 2000
G1 -4 -62 2000
G1 3 -65 2000
G1 13 -70 2000
G1 27 -80 2000
G1 58 -111 2000
G1 16 44 2000
G1 23 36 2000
G1 29 29 2000
G1 42 26 2000
G1 51 15 2000
G1 -42 114 2000
G1 -11 85 2000
G1 4 74 2000
G1 15 69 2000
G1 24 65 2000
G1 32 62 2000
G1 39 59 2000
G1 -49 -24 2000
G1 -48 -28 2000
G1 -23 -65 2000
G1 -14 -67 2000
G1 -5 -69 2000
G1 6 -74 2000
G1 20 -85 2000
G1 52 -115 2000
G1 70 -29 2000
G1 63 -23 2000
G1 -89 155 2000
G1 -31 94 2000
G1 -10 76 2000
G1 2 69 2000
G1 11 64 2000
G1 19 62 2000
G1 26 59 2000
G1 33 49 2000
G1 38 47 2000
G1 42 45 2000
G1 52 53 2000
G1 57 48 2000
G1 48 29 2000
G1 49 25 2000
G1 -5 -62 2000
G1 3 -64 2000
G1 12 -68 2000
G1 24 -77 2000
G1 47 -99 2000
G1 18 42 2000
G1 24 36 2000
G1 29 31 2000
G1 40 29 2000
G1 47 21 2000
G1 -30 101 2000
G1 -7 81 2000
G1 6 73 2000
G1 16 68 2000
G1 25 65 2000
G1 33 62 2000
G1 41 60 2000
G1 -50 -25 2000
G1 -48 -29 2000
G1 -24 -65 2000
G1 -16 -67 2000
G1 -7 -69 2000
G1 4 -73 2000
G1 17 -81 2000
G1 40 -102 2000
G1 52 -8 2000
G1 73 -33 2000
G1 -74 139 2000
G1 -23 86 2000
G1 -7 74 2000
G1 4 67 2000
G1 12 64 2000
G1 20 62 2000
G1 27 60 2000
G1 35 50 2000
G1 39 48 2000
G1 43 45 2000
G1 54 54 2000
G1 59 49 2000
G1 49 29 2000
G1 50 25 2000
G1 -7 -62 2000
G1 0 -63 2000
G1 9 -66 2000
G1 19 -73 2000
G1 37 -88 2000
G1 21 39 2000
G1 26 34 2000
G1 31 30 2000
G1 41 29 2000
G1 46 22 2000
G1 -21 92 2000
G1 -3 78 2000
G1 9 72 2000
G1 19 68 2000
G1 28 65 2000
G1 35 62 2000
G1 43 59 2000
G1 -50 -25 2000
G1 -49 -29 2000
G1 -26 -65 2000
G1 -18 -66 2000
G1 -9 -68 2000
G1 1 -71 2000
G1 12 -78 2000
G1 31 -93 2000
G1 48 -2 2000
G1 57 -14 2000
G1 -47 109 2000
G1 -17 81 2000
G1 -4 71 2000
G1 6 66 2000
G1 15 63 2000
G1 22 61 2000
G1 29 59 2000
G1 36 50 2000
G1 41 47 2000
G1 44 45 2000
G1 5 66 2000
G1 14 67 2000
G1 23 69 2000
G1 34 72 2000
G1 45 75 2000
G1 57 78 2000
G1 78 61 2000
G1 79 54 2000
G1 -12 -66 2000
G1 -3 -63 2000
G1 5 -61 2000
G1 12 -60 2000
G1 55 52 2000
G1 60 47 2000
G1 -27 -64 2000
G1 -19 -66 2000
G1 -10 -68 2000
G1 0 -71 2000
G1 12 -78 2000
G1 31 -94 2000
G1 -31 94 2000
G1 -12 78 2000
G1 0 71 2000
G1 10 68 2000
G1 19 66 2000
G1 27 64 2000
G1 -5 61 2000
G1 3 62 2000
G1 11 64 2000
G1 21 67 2000
G1 31 71 2000
